Filename:  C:\Users\giovanni.gravili\Desktop\XDET\live_dataAg.mca
Description:  
TimeStamp:  12/01/2023 16:25:31

Spectral Data Information
Channel	Data
0	0
1	0
2	0
3	0
4	0
5	0
6	0
7	0
8	0
9	0
10	0
11	0
12	0
13	0
14	0
15	0
16	0
17	0
18	0
19	0
20	0
21	0
22	0
23	0
24	0
25	0
26	0
27	0
28	0
29	0
30	3
31	7
32	1
33	1
34	0
35	3
36	0
37	2
38	0
39	1
40	0
41	1
42	1
43	0
44	1
45	1
46	1
47	1
48	1
49	2
50	5
51	0
52	1
53	2
54	6
55	1
56	2
57	2
58	2
59	1
60	1
61	3
62	6
63	2
64	2
65	1
66	6
67	2
68	3
69	0
70	4
71	2
72	5
73	6
74	3
75	5
76	2
77	5
78	4
79	1
80	2
81	2
82	2
83	4
84	1
85	2
86	3
87	2
88	2
89	2
90	2
91	1
92	5
93	1
94	2
95	1
96	5
97	7
98	2
99	3
100	2
101	1
102	2
103	1
104	3
105	0
106	1
107	1
108	1
109	1
110	2
111	0
112	2
113	3
114	1
115	1
116	2
117	3
118	1
119	2
120	3
121	0
122	3
123	1
124	1
125	1
126	1
127	1
128	0
129	3
130	0
131	2
132	0
133	2
134	1
135	3
136	1
137	1
138	1
139	1
140	2
141	1
142	2
143	0
144	1
145	2
146	2
147	0
148	0
149	0
150	0
151	1
152	1
153	0
154	2
155	0
156	0
157	2
158	0
159	0
160	1
161	1
162	1
163	2
164	0
165	0
166	2
167	0
168	1
169	0
170	1
171	1
172	0
173	2
174	3
175	0
176	4
177	11
178	6
179	6
180	6
181	5
182	4
183	1
184	1
185	2
186	1
187	0
188	0
189	0
190	1
191	2
192	0
193	3
194	1
195	3
196	0
197	0
198	3
199	2
200	1
201	2
202	2
203	0
204	0
205	1
206	2
207	1
208	1
209	1
210	1
211	0
212	2
213	1
214	1
215	0
216	0
217	1
218	0
219	1
220	0
221	1
222	1
223	0
224	0
225	0
226	1
227	1
228	1
229	1
230	0
231	0
232	0
233	0
234	0
235	1
236	0
237	0
238	0
239	0
240	0
241	0
242	1
243	0
244	1
245	0
246	0
247	0
248	0
249	1
250	3
251	2
252	0
253	3
254	0
255	0
256	1
257	1
258	1
259	0
260	0
261	1
262	0
263	1
264	0
265	3
266	2
267	0
268	1
269	0
270	0
271	1
272	0
273	1
274	0
275	0
276	0
277	0
278	1
279	3
280	0
281	0
282	1
283	2
284	0
285	0
286	0
287	0
288	0
289	0
290	0
291	0
292	0
293	0
294	0
295	1
296	0
297	0
298	0
299	0
300	1
301	0
302	0
303	0
304	0
305	1
306	0
307	2
308	0
309	0
310	1
311	2
312	0
313	0
314	0
315	1
316	1
317	2
318	1
319	0
320	0
321	0
322	2
323	1
324	1
325	0
326	0
327	1
328	1
329	0
330	0
331	1
332	0
333	0
334	0
335	0
336	1
337	1
338	1
339	0
340	0
341	0
342	2
343	1
344	0
345	1
346	0
347	0
348	1
349	0
350	0
351	0
352	1
353	0
354	1
355	1
356	1
357	2
358	0
359	1
360	0
361	1
362	0
363	0
364	1
365	1
366	0
367	1
368	3
369	0
370	3
371	0
372	1
373	1
374	1
375	0
376	0
377	1
378	0
379	1
380	2
381	1
382	0
383	0
384	1
385	1
386	0
387	1
388	0
389	0
390	0
391	0
392	0
393	2
394	0
395	3
396	0
397	0
398	0
399	1
400	0
401	0
402	1
403	0
404	0
405	1
406	0
407	0
408	2
409	1
410	0
411	0
412	0
413	1
414	1
415	0
416	0
417	0
418	0
419	0
420	0
421	1
422	2
423	1
424	0
425	0
426	0
427	0
428	1
429	1
430	0
431	0
432	1
433	1
434	0
435	0
436	2
437	0
438	0
439	0
440	0
441	1
442	0
443	0
444	0
445	0
446	2
447	0
448	0
449	0
450	0
451	1
452	1
453	0
454	1
455	0
456	0
457	0
458	0
459	0
460	0
461	0
462	0
463	0
464	1
465	0
466	0
467	0
468	1
469	1
470	1
471	0
472	0
473	0
474	0
475	0
476	1
477	1
478	1
479	0
480	0
481	0
482	1
483	1
484	2
485	0
486	0
487	0
488	1
489	1
490	1
491	1
492	0
493	1
494	1
495	0
496	0
497	2
498	0
499	0
500	0
501	0
502	0
503	2
504	1
505	1
506	0
507	2
508	2
509	1
510	0
511	1
512	1
513	2
514	2
515	2
516	4
517	4
518	8
519	11
520	11
521	16
522	11
523	11
524	20
525	10
526	16
527	9
528	3
529	3
530	2
531	2
532	0
533	0
534	1
535	1
536	0
537	1
538	0
539	0
540	0
541	0
542	0
543	0
544	1
545	2
546	0
547	0
548	0
549	0
550	0
551	0
552	0
553	1
554	0
555	0
556	0
557	1
558	2
559	0
560	0
561	1
562	0
563	0
564	1
565	1
566	0
567	1
568	0
569	0
570	0
571	0
572	0
573	0
574	0
575	0
576	0
577	3
578	0
579	0
580	0
581	0
582	2
583	1
584	2
585	2
586	2
587	5
588	4
589	3
590	10
591	2
592	6
593	6
594	3
595	3
596	4
597	9
598	4
599	3
600	3
601	1
602	3
603	0
604	1
605	1
606	0
607	0
608	3
609	0
610	0
611	1
612	3
613	2
614	1
615	0
616	1
617	1
618	1
619	2
620	2
621	1
622	2
623	0
624	1
625	2
626	1
627	3
628	1
629	2
630	2
631	2
632	0
633	0
634	4
635	1
636	1
637	4
638	2
639	3
640	2
641	3
642	2
643	1
644	2
645	4
646	2
647	1
648	4
649	3
650	1
651	4
652	3
653	6
654	3
655	4
656	7
657	2
658	6
659	2
660	2
661	2
662	7
663	2
664	4
665	1
666	2
667	5
668	1
669	2
670	6
671	3
672	2
673	1
674	5
675	2
676	7
677	3
678	7
679	2
680	1
681	3
682	2
683	2
684	2
685	1
686	3
687	3
688	3
689	8
690	3
691	4
692	3
693	6
694	4
695	3
696	3
697	5
698	4
699	3
700	9
701	4
702	2
703	3
704	1
705	0
706	4
707	5
708	4
709	3
710	5
711	9
712	7
713	5
714	13
715	15
716	17
717	16
718	31
719	32
720	29
721	43
722	56
723	66
724	54
725	46
726	57
727	48
728	62
729	59
730	74
731	65
732	60
733	41
734	49
735	21
736	11
737	13
738	5
739	2
740	3
741	3
742	1
743	1
744	2
745	0
746	0
747	3
748	0
749	1
750	0
751	0
752	0
753	0
754	0
755	1
756	0
757	1
758	2
759	0
760	0
761	1
762	1
763	0
764	0
765	2
766	0
767	2
768	0
769	0
770	1
771	0
772	0
773	1
774	0
775	2
776	2
777	0
778	1
779	2
780	1
781	2
782	0
783	1
784	2
785	1
786	1
787	2
788	3
789	0
790	0
791	0
792	0
793	15
794	450
795	0
796	0
797	0
798	0
799	0
800	0
801	0
802	0
803	0
804	0
805	0
806	0
807	0
808	0
809	0
810	0
811	0
812	0
813	0
814	0
815	0
816	0
817	0
818	0
819	0
820	0
821	0
822	0
823	0
824	0
825	0
826	0
827	0
828	0
829	0
830	0
831	0
832	0
833	0
834	0
835	0
836	0
837	0
838	0
839	0
840	0
841	0
842	0
843	0
844	0
845	0
846	0
847	0
848	0
849	0
850	0
851	0
852	0
853	0
854	0
855	0
856	0
857	0
858	0
859	0
860	0
861	0
862	0
863	0
864	0
865	0
866	0
867	0
868	0
869	0
870	0
871	0
872	0
873	0
874	0
875	0
876	0
877	0
878	0
879	0
880	0
881	0
882	0
883	0
884	0
885	0
886	0
887	0
888	0
889	0
890	0
891	0
892	0
893	0
894	0
895	0
896	0
897	0
898	0
899	0
900	0
901	0
902	0
903	0
904	0
905	0
906	0
907	0
908	0
909	0
910	0
911	0
912	0
913	0
914	0
915	0
916	0
917	0
918	0
919	0
920	0
921	0
922	0
923	0
924	0
925	0
926	0
927	0
928	0
929	0
930	0
931	0
932	0
933	0
934	0
935	0
936	0
937	0
938	0
939	0
940	0
941	0
942	0
943	0
944	0
945	0
946	0
947	0
948	0
949	0
950	0
951	0
952	0
953	0
954	0
955	0
956	0
957	0
958	0
959	0
960	0
961	0
962	0
963	0
964	0
965	0
966	0
967	0
968	0
969	0
970	0
971	0
972	0
973	0
974	0
975	0
976	0
977	0
978	0
979	0
980	0
981	0
982	0
983	0
984	0
985	0
986	0
987	0
988	0
989	0
990	0
991	0
992	0
993	0
994	0
995	0
996	0
997	0
998	0
999	0
1000	0
1001	0
1002	0
1003	0
1004	0
1005	0
1006	0
1007	0
1008	0
1009	0
1010	0
1011	0
1012	0
1013	0
1014	0
1015	0
1016	0
1017	0
1018	0
1019	0
1020	0
1021	0
1022	0
1023	0
