Filename:  C:\Users\giovanni.gravili\Desktop\XDET\live_data_background.source.mca
Description:  
TimeStamp:  12/01/2023 15:36:33

Spectral Data Information
Channel	Data
0	0
1	0
2	0
3	0
4	0
5	0
6	0
7	0
8	0
9	0
10	0
11	0
12	0
13	0
14	0
15	0
16	0
17	0
18	0
19	0
20	0
21	0
22	0
23	0
24	0
25	0
26	0
27	0
28	0
29	0
30	1
31	2
32	2
33	1
34	0
35	1
36	0
37	1
38	0
39	1
40	1
41	1
42	4
43	2
44	2
45	2
46	2
47	2
48	2
49	1
50	3
51	3
52	4
53	3
54	4
55	2
56	4
57	8
58	0
59	1
60	5
61	3
62	5
63	2
64	4
65	2
66	3
67	3
68	3
69	4
70	4
71	3
72	0
73	2
74	2
75	1
76	1
77	3
78	3
79	5
80	1
81	1
82	3
83	0
84	6
85	5
86	1
87	5
88	3
89	2
90	4
91	6
92	4
93	3
94	1
95	3
96	1
97	1
98	4
99	3
100	0
101	2
102	2
103	0
104	1
105	1
106	2
107	0
108	0
109	3
110	3
111	4
112	1
113	2
114	1
115	1
116	1
117	1
118	1
119	0
120	0
121	3
122	0
123	1
124	2
125	1
126	1
127	1
128	0
129	2
130	0
131	2
132	1
133	0
134	1
135	2
136	1
137	0
138	1
139	3
140	0
141	1
142	0
143	0
144	0
145	1
146	3
147	1
148	1
149	3
150	2
151	1
152	2
153	1
154	3
155	2
156	0
157	1
158	2
159	1
160	0
161	1
162	2
163	1
164	1
165	0
166	0
167	0
168	1
169	0
170	3
171	0
172	0
173	1
174	2
175	2
176	2
177	1
178	2
179	8
180	6
181	7
182	0
183	1
184	2
185	0
186	1
187	0
188	1
189	1
190	1
191	1
192	2
193	0
194	2
195	3
196	1
197	1
198	2
199	1
200	0
201	1
202	1
203	1
204	0
205	0
206	4
207	0
208	1
209	2
210	0
211	0
212	3
213	1
214	2
215	1
216	2
217	0
218	2
219	2
220	0
221	2
222	1
223	0
224	1
225	0
226	2
227	0
228	1
229	1
230	1
231	1
232	0
233	1
234	1
235	1
236	2
237	0
238	1
239	1
240	0
241	0
242	1
243	2
244	0
245	1
246	0
247	2
248	0
249	0
250	0
251	1
252	1
253	0
254	1
255	1
256	0
257	0
258	0
259	0
260	0
261	1
262	3
263	1
264	1
265	0
266	1
267	1
268	3
269	0
270	2
271	1
272	0
273	3
274	3
275	0
276	0
277	1
278	0
279	2
280	1
281	0
282	2
283	1
284	2
285	0
286	0
287	0
288	0
289	0
290	0
291	0
292	0
293	1
294	0
295	0
296	1
297	2
298	1
299	3
300	2
301	0
302	0
303	0
304	0
305	0
306	0
307	1
308	1
309	0
310	0
311	1
312	0
313	0
314	0
315	1
316	1
317	0
318	1
319	0
320	0
321	1
322	0
323	0
324	1
325	0
326	0
327	0
328	3
329	1
330	1
331	0
332	0
333	0
334	1
335	0
336	0
337	0
338	1
339	2
340	0
341	2
342	1
343	0
344	0
345	0
346	1
347	0
348	0
349	1
350	0
351	1
352	1
353	0
354	0
355	0
356	0
357	0
358	1
359	1
360	1
361	0
362	0
363	0
364	1
365	1
366	0
367	2
368	1
369	0
370	1
371	0
372	1
373	1
374	0
375	3
376	1
377	0
378	1
379	0
380	2
381	1
382	0
383	1
384	0
385	1
386	0
387	2
388	0
389	1
390	0
391	2
392	0
393	0
394	0
395	1
396	0
397	0
398	0
399	0
400	1
401	0
402	1
403	0
404	1
405	1
406	0
407	2
408	1
409	0
410	0
411	0
412	1
413	0
414	1
415	0
416	1
417	0
418	0
419	0
420	0
421	0
422	1
423	0
424	0
425	1
426	0
427	0
428	1
429	1
430	2
431	0
432	0
433	1
434	0
435	1
436	0
437	2
438	0
439	0
440	1
441	0
442	2
443	1
444	0
445	0
446	0
447	1
448	1
449	0
450	1
451	0
452	1
453	1
454	1
455	1
456	0
457	0
458	2
459	0
460	1
461	0
462	0
463	0
464	0
465	1
466	2
467	0
468	2
469	1
470	0
471	0
472	0
473	1
474	1
475	1
476	0
477	1
478	2
479	1
480	0
481	0
482	1
483	0
484	0
485	0
486	1
487	0
488	0
489	0
490	1
491	1
492	0
493	0
494	0
495	0
496	1
497	0
498	0
499	1
500	0
501	0
502	1
503	0
504	0
505	0
506	0
507	0
508	0
509	3
510	0
511	0
512	0
513	0
514	2
515	0
516	1
517	1
518	1
519	1
520	2
521	0
522	0
523	1
524	1
525	0
526	3
527	0
528	2
529	0
530	0
531	0
532	2
533	0
534	0
535	1
536	1
537	1
538	0
539	1
540	0
541	2
542	1
543	0
544	1
545	0
546	1
547	0
548	2
549	2
550	1
551	1
552	0
553	0
554	1
555	0
556	0
557	2
558	0
559	1
560	1
561	4
562	2
563	0
564	1
565	0
566	1
567	0
568	2
569	0
570	3
571	0
572	0
573	0
574	0
575	1
576	0
577	0
578	0
579	0
580	2
581	2
582	2
583	0
584	2
585	2
586	2
587	1
588	2
589	1
590	0
591	3
592	2
593	5
594	12
595	7
596	3
597	5
598	5
599	1
600	3
601	3
602	0
603	2
604	1
605	1
606	0
607	1
608	0
609	2
610	2
611	0
612	0
613	1
614	2
615	0
616	1
617	2
618	4
619	3
620	0
621	2
622	1
623	2
624	1
625	3
626	3
627	2
628	3
629	1
630	3
631	2
632	4
633	2
634	3
635	2
636	4
637	2
638	3
639	1
640	2
641	5
642	3
643	6
644	3
645	7
646	3
647	5
648	3
649	3
650	6
651	9
652	1
653	8
654	7
655	5
656	4
657	9
658	5
659	4
660	8
661	3
662	4
663	2
664	8
665	4
666	6
667	9
668	7
669	5
670	7
671	7
672	4
673	7
674	9
675	4
676	3
677	5
678	5
679	6
680	4
681	6
682	5
683	6
684	5
685	4
686	7
687	4
688	7
689	8
690	3
691	6
692	7
693	4
694	2
695	2
696	4
697	8
698	5
699	6
700	10
701	7
702	3
703	5
704	6
705	6
706	6
707	10
708	2
709	12
710	10
711	13
712	9
713	15
714	18
715	14
716	23
717	27
718	39
719	49
720	52
721	54
722	58
723	69
724	82
725	77
726	81
727	82
728	98
729	96
730	116
731	113
732	82
733	51
734	37
735	39
736	15
737	11
738	6
739	4
740	1
741	0
742	2
743	3
744	1
745	4
746	3
747	2
748	2
749	3
750	1
751	2
752	2
753	0
754	0
755	0
756	4
757	1
758	3
759	1
760	1
761	4
762	0
763	3
764	1
765	0
766	3
767	1
768	3
769	2
770	3
771	3
772	0
773	1
774	1
775	0
776	3
777	1
778	2
779	2
780	0
781	0
782	1
783	0
784	2
785	1
786	2
787	0
788	2
789	2
790	0
791	0
792	1
793	488
794	46
795	0
796	0
797	0
798	0
799	0
800	0
801	0
802	0
803	0
804	0
805	0
806	0
807	0
808	0
809	0
810	0
811	0
812	0
813	0
814	0
815	0
816	0
817	0
818	0
819	0
820	0
821	0
822	0
823	0
824	0
825	0
826	0
827	0
828	0
829	0
830	0
831	0
832	0
833	0
834	0
835	0
836	0
837	0
838	0
839	0
840	0
841	0
842	0
843	0
844	0
845	0
846	0
847	0
848	0
849	0
850	0
851	0
852	0
853	0
854	0
855	0
856	0
857	0
858	0
859	0
860	0
861	0
862	0
863	0
864	0
865	0
866	0
867	0
868	0
869	0
870	0
871	0
872	0
873	0
874	0
875	0
876	0
877	0
878	0
879	0
880	0
881	0
882	0
883	0
884	0
885	0
886	0
887	0
888	0
889	0
890	0
891	0
892	0
893	0
894	0
895	0
896	0
897	0
898	0
899	0
900	0
901	0
902	0
903	0
904	0
905	0
906	0
907	0
908	0
909	0
910	0
911	0
912	0
913	0
914	0
915	0
916	0
917	0
918	0
919	0
920	0
921	0
922	0
923	0
924	0
925	0
926	0
927	0
928	0
929	0
930	0
931	0
932	0
933	0
934	0
935	0
936	0
937	0
938	0
939	0
940	0
941	0
942	0
943	0
944	0
945	0
946	0
947	0
948	0
949	0
950	0
951	0
952	0
953	0
954	0
955	0
956	0
957	0
958	0
959	0
960	0
961	0
962	0
963	0
964	0
965	0
966	0
967	0
968	0
969	0
970	0
971	0
972	0
973	0
974	0
975	0
976	0
977	0
978	0
979	0
980	0
981	0
982	0
983	0
984	0
985	0
986	0
987	0
988	0
989	0
990	0
991	0
992	0
993	0
994	0
995	0
996	0
997	0
998	0
999	0
1000	0
1001	0
1002	0
1003	0
1004	0
1005	0
1006	0
1007	0
1008	0
1009	0
1010	0
1011	0
1012	0
1013	0
1014	0
1015	0
1016	0
1017	0
1018	0
1019	0
1020	0
1021	0
1022	0
1023	0
