Filename:  C:\Users\giovanni.gravili\Desktop\XDET\live_dataFe.mca
Description:  
TimeStamp:  12/01/2023 15:55:02

Spectral Data Information
Channel	Data
0	0
1	0
2	0
3	0
4	0
5	0
6	0
7	0
8	0
9	0
10	0
11	0
12	0
13	0
14	0
15	0
16	0
17	0
18	0
19	0
20	0
21	0
22	0
23	0
24	0
25	0
26	0
27	0
28	0
29	0
30	2
31	3
32	1
33	1
34	0
35	0
36	0
37	0
38	3
39	1
40	1
41	2
42	1
43	2
44	1
45	1
46	0
47	2
48	2
49	3
50	1
51	2
52	4
53	1
54	4
55	1
56	4
57	4
58	1
59	1
60	1
61	8
62	3
63	5
64	5
65	3
66	5
67	1
68	0
69	2
70	4
71	6
72	6
73	2
74	1
75	3
76	5
77	3
78	3
79	2
80	1
81	3
82	1
83	2
84	3
85	3
86	3
87	2
88	1
89	3
90	3
91	5
92	4
93	3
94	3
95	5
96	4
97	0
98	2
99	3
100	0
101	3
102	1
103	1
104	3
105	2
106	1
107	3
108	1
109	2
110	2
111	2
112	2
113	0
114	0
115	1
116	1
117	3
118	2
119	2
120	3
121	0
122	1
123	1
124	0
125	0
126	0
127	2
128	1
129	1
130	2
131	2
132	0
133	0
134	1
135	0
136	1
137	0
138	2
139	0
140	3
141	0
142	2
143	2
144	2
145	1
146	4
147	1
148	5
149	1
150	11
151	27
152	19
153	22
154	19
155	15
156	14
157	7
158	7
159	1
160	0
161	1
162	3
163	0
164	3
165	0
166	2
167	4
168	5
169	2
170	6
171	3
172	1
173	1
174	1
175	4
176	3
177	5
178	3
179	7
180	4
181	4
182	1
183	0
184	0
185	0
186	0
187	1
188	0
189	2
190	0
191	0
192	2
193	4
194	0
195	1
196	0
197	2
198	1
199	2
200	0
201	0
202	2
203	1
204	0
205	0
206	1
207	0
208	0
209	3
210	1
211	0
212	3
213	2
214	1
215	1
216	0
217	0
218	1
219	2
220	0
221	0
222	0
223	2
224	0
225	0
226	1
227	0
228	1
229	1
230	1
231	0
232	0
233	1
234	1
235	2
236	0
237	1
238	1
239	1
240	0
241	1
242	0
243	0
244	1
245	0
246	0
247	1
248	1
249	1
250	0
251	1
252	0
253	0
254	2
255	1
256	0
257	1
258	0
259	0
260	2
261	0
262	0
263	0
264	1
265	1
266	0
267	2
268	2
269	1
270	2
271	1
272	2
273	0
274	0
275	1
276	1
277	4
278	1
279	0
280	0
281	1
282	0
283	0
284	0
285	1
286	0
287	0
288	2
289	0
290	0
291	1
292	0
293	0
294	2
295	1
296	0
297	0
298	0
299	4
300	0
301	0
302	0
303	0
304	4
305	1
306	0
307	1
308	0
309	1
310	0
311	0
312	0
313	2
314	0
315	1
316	2
317	2
318	2
319	1
320	3
321	0
322	1
323	1
324	3
325	0
326	0
327	0
328	1
329	0
330	1
331	0
332	0
333	1
334	1
335	2
336	1
337	1
338	2
339	3
340	1
341	0
342	0
343	0
344	0
345	1
346	0
347	0
348	0
349	0
350	0
351	0
352	0
353	2
354	0
355	0
356	0
357	3
358	1
359	0
360	0
361	1
362	0
363	0
364	1
365	0
366	0
367	0
368	0
369	2
370	0
371	1
372	0
373	0
374	2
375	0
376	0
377	0
378	0
379	1
380	2
381	0
382	0
383	0
384	0
385	0
386	1
387	2
388	0
389	0
390	0
391	0
392	0
393	3
394	3
395	0
396	1
397	0
398	0
399	0
400	1
401	1
402	1
403	0
404	1
405	0
406	2
407	0
408	0
409	0
410	1
411	0
412	0
413	0
414	0
415	0
416	0
417	0
418	2
419	1
420	2
421	0
422	0
423	1
424	0
425	0
426	1
427	0
428	1
429	1
430	0
431	0
432	1
433	0
434	1
435	0
436	0
437	0
438	0
439	0
440	1
441	0
442	0
443	0
444	0
445	3
446	1
447	0
448	0
449	0
450	0
451	0
452	1
453	0
454	1
455	1
456	1
457	1
458	0
459	0
460	2
461	0
462	0
463	1
464	0
465	0
466	0
467	2
468	0
469	0
470	1
471	0
472	0
473	0
474	0
475	0
476	0
477	0
478	0
479	1
480	1
481	0
482	1
483	0
484	1
485	0
486	1
487	1
488	1
489	0
490	0
491	0
492	1
493	0
494	0
495	0
496	0
497	1
498	2
499	0
500	0
501	1
502	1
503	0
504	1
505	0
506	1
507	1
508	0
509	0
510	1
511	2
512	0
513	1
514	0
515	0
516	0
517	0
518	2
519	0
520	0
521	1
522	0
523	1
524	0
525	0
526	2
527	0
528	0
529	0
530	0
531	0
532	0
533	0
534	0
535	0
536	1
537	0
538	0
539	2
540	0
541	1
542	0
543	0
544	0
545	0
546	0
547	0
548	1
549	0
550	1
551	0
552	1
553	0
554	2
555	0
556	0
557	0
558	1
559	0
560	0
561	0
562	0
563	1
564	1
565	0
566	2
567	0
568	0
569	1
570	1
571	2
572	1
573	1
574	0
575	0
576	1
577	0
578	1
579	1
580	2
581	1
582	0
583	1
584	0
585	1
586	1
587	3
588	4
589	2
590	1
591	1
592	4
593	3
594	5
595	5
596	2
597	1
598	4
599	1
600	0
601	2
602	2
603	2
604	2
605	2
606	0
607	2
608	3
609	2
610	1
611	0
612	0
613	1
614	1
615	1
616	0
617	1
618	3
619	2
620	0
621	1
622	2
623	2
624	2
625	4
626	1
627	2
628	1
629	4
630	2
631	2
632	3
633	1
634	2
635	2
636	1
637	2
638	1
639	2
640	4
641	2
642	5
643	5
644	3
645	3
646	1
647	7
648	6
649	4
650	3
651	5
652	4
653	5
654	3
655	4
656	4
657	7
658	7
659	4
660	5
661	5
662	5
663	7
664	7
665	6
666	2
667	5
668	2
669	4
670	3
671	2
672	3
673	5
674	6
675	8
676	7
677	7
678	3
679	3
680	7
681	6
682	3
683	4
684	5
685	4
686	7
687	4
688	4
689	5
690	3
691	7
692	8
693	5
694	8
695	8
696	9
697	5
698	4
699	3
700	2
701	6
702	6
703	1
704	4
705	5
706	3
707	7
708	7
709	4
710	10
711	7
712	8
713	12
714	13
715	11
716	13
717	24
718	31
719	35
720	46
721	66
722	48
723	59
724	56
725	68
726	70
727	71
728	75
729	66
730	90
731	86
732	77
733	59
734	40
735	27
736	19
737	18
738	7
739	7
740	2
741	2
742	3
743	0
744	1
745	2
746	2
747	2
748	0
749	1
750	1
751	0
752	0
753	0
754	0
755	1
756	0
757	1
758	0
759	1
760	3
761	1
762	0
763	2
764	2
765	3
766	1
767	4
768	1
769	4
770	1
771	1
772	0
773	0
774	0
775	1
776	1
777	1
778	0
779	0
780	2
781	0
782	0
783	2
784	0
785	0
786	1
787	0
788	0
789	2
790	0
791	0
792	1
793	229
794	298
795	0
796	0
797	0
798	0
799	0
800	0
801	0
802	0
803	0
804	0
805	0
806	0
807	0
808	0
809	0
810	0
811	0
812	0
813	0
814	0
815	0
816	0
817	0
818	0
819	0
820	0
821	0
822	0
823	0
824	0
825	0
826	0
827	0
828	0
829	0
830	0
831	0
832	0
833	0
834	0
835	0
836	0
837	0
838	0
839	0
840	0
841	0
842	0
843	0
844	0
845	0
846	0
847	0
848	0
849	0
850	0
851	0
852	0
853	0
854	0
855	0
856	0
857	0
858	0
859	0
860	0
861	0
862	0
863	0
864	0
865	0
866	0
867	0
868	0
869	0
870	0
871	0
872	0
873	0
874	0
875	0
876	0
877	0
878	0
879	0
880	0
881	0
882	0
883	0
884	0
885	0
886	0
887	0
888	0
889	0
890	0
891	0
892	0
893	0
894	0
895	0
896	0
897	0
898	0
899	0
900	0
901	0
902	0
903	0
904	0
905	0
906	0
907	0
908	0
909	0
910	0
911	0
912	0
913	0
914	0
915	0
916	0
917	0
918	0
919	0
920	0
921	0
922	0
923	0
924	0
925	0
926	0
927	0
928	0
929	0
930	0
931	0
932	0
933	0
934	0
935	0
936	0
937	0
938	0
939	0
940	0
941	0
942	0
943	0
944	0
945	0
946	0
947	0
948	0
949	0
950	0
951	0
952	0
953	0
954	0
955	0
956	0
957	0
958	0
959	0
960	0
961	0
962	0
963	0
964	0
965	0
966	0
967	0
968	0
969	0
970	0
971	0
972	0
973	0
974	0
975	0
976	0
977	0
978	0
979	0
980	0
981	0
982	0
983	0
984	0
985	0
986	0
987	0
988	0
989	0
990	0
991	0
992	0
993	0
994	0
995	0
996	0
997	0
998	0
999	0
1000	0
1001	0
1002	0
1003	0
1004	0
1005	0
1006	0
1007	0
1008	0
1009	0
1010	0
1011	0
1012	0
1013	0
1014	0
1015	0
1016	0
1017	0
1018	0
1019	0
1020	0
1021	0
1022	0
1023	0
