Filename:  C:\Users\giovanni.gravili\Desktop\XDET\live_dataGe.mca
Description:  
TimeStamp:  12/01/2023 16:53:51

Spectral Data Information
Channel	Data
0	0
1	0
2	0
3	0
4	0
5	0
6	0
7	0
8	0
9	0
10	0
11	0
12	0
13	0
14	0
15	0
16	0
17	0
18	0
19	0
20	0
21	0
22	0
23	0
24	0
25	0
26	0
27	0
28	0
29	0
30	1
31	2
32	0
33	1
34	3
35	1
36	0
37	1
38	1
39	1
40	0
41	0
42	0
43	1
44	1
45	2
46	2
47	3
48	2
49	0
50	2
51	3
52	2
53	2
54	1
55	4
56	1
57	4
58	4
59	4
60	5
61	7
62	3
63	5
64	3
65	6
66	4
67	5
68	3
69	2
70	4
71	1
72	2
73	7
74	1
75	2
76	2
77	4
78	5
79	7
80	2
81	3
82	1
83	2
84	2
85	6
86	2
87	2
88	3
89	5
90	1
91	2
92	3
93	0
94	3
95	0
96	4
97	3
98	3
99	4
100	1
101	0
102	1
103	2
104	3
105	0
106	2
107	1
108	2
109	0
110	1
111	2
112	1
113	2
114	0
115	0
116	1
117	0
118	0
119	3
120	2
121	2
122	0
123	0
124	2
125	0
126	1
127	1
128	0
129	2
130	0
131	2
132	0
133	1
134	0
135	1
136	0
137	2
138	4
139	0
140	2
141	4
142	2
143	1
144	1
145	1
146	0
147	1
148	0
149	1
150	2
151	2
152	3
153	0
154	0
155	1
156	1
157	2
158	1
159	1
160	1
161	1
162	0
163	2
164	0
165	0
166	1
167	1
168	0
169	1
170	1
171	0
172	2
173	2
174	1
175	2
176	2
177	3
178	9
179	4
180	4
181	2
182	2
183	1
184	0
185	1
186	1
187	1
188	0
189	0
190	0
191	0
192	1
193	0
194	2
195	2
196	1
197	1
198	1
199	2
200	3
201	1
202	2
203	0
204	0
205	1
206	0
207	0
208	0
209	0
210	2
211	2
212	0
213	0
214	3
215	1
216	1
217	0
218	0
219	0
220	2
221	1
222	2
223	0
224	2
225	2
226	0
227	1
228	0
229	5
230	3
231	8
232	9
233	19
234	16
235	21
236	16
237	21
238	13
239	8
240	4
241	3
242	0
243	0
244	2
245	2
246	1
247	0
248	0
249	0
250	2
251	0
252	0
253	0
254	1
255	1
256	1
257	1
258	1
259	6
260	3
261	4
262	3
263	2
264	5
265	3
266	0
267	0
268	1
269	1
270	0
271	2
272	1
273	0
274	3
275	1
276	2
277	0
278	1
279	0
280	0
281	0
282	0
283	1
284	0
285	0
286	0
287	0
288	2
289	1
290	1
291	0
292	0
293	3
294	0
295	2
296	1
297	2
298	1
299	0
300	0
301	0
302	1
303	0
304	1
305	1
306	0
307	0
308	0
309	1
310	2
311	0
312	1
313	1
314	0
315	0
316	0
317	0
318	0
319	1
320	1
321	1
322	0
323	0
324	2
325	1
326	0
327	2
328	1
329	0
330	1
331	1
332	0
333	0
334	0
335	0
336	1
337	0
338	2
339	0
340	1
341	0
342	2
343	0
344	2
345	1
346	0
347	2
348	0
349	0
350	0
351	0
352	1
353	0
354	0
355	0
356	0
357	1
358	0
359	0
360	1
361	1
362	1
363	1
364	0
365	0
366	2
367	1
368	0
369	1
370	0
371	0
372	2
373	3
374	1
375	0
376	0
377	0
378	0
379	0
380	0
381	0
382	0
383	3
384	0
385	1
386	0
387	0
388	3
389	0
390	0
391	0
392	0
393	2
394	2
395	1
396	0
397	0
398	0
399	1
400	1
401	0
402	0
403	0
404	0
405	0
406	2
407	0
408	1
409	0
410	1
411	0
412	0
413	3
414	1
415	0
416	3
417	0
418	1
419	0
420	1
421	0
422	1
423	0
424	0
425	0
426	1
427	0
428	1
429	1
430	0
431	0
432	0
433	0
434	0
435	2
436	0
437	0
438	1
439	1
440	0
441	0
442	0
443	1
444	0
445	2
446	3
447	1
448	0
449	2
450	0
451	1
452	1
453	0
454	1
455	0
456	0
457	0
458	0
459	2
460	0
461	0
462	0
463	0
464	0
465	0
466	0
467	0
468	0
469	1
470	0
471	0
472	1
473	0
474	0
475	1
476	0
477	1
478	0
479	1
480	1
481	1
482	1
483	0
484	1
485	0
486	0
487	0
488	0
489	0
490	1
491	3
492	1
493	1
494	0
495	1
496	1
497	1
498	0
499	0
500	0
501	0
502	0
503	0
504	0
505	0
506	2
507	1
508	0
509	0
510	0
511	0
512	0
513	0
514	0
515	1
516	0
517	0
518	1
519	2
520	0
521	0
522	1
523	0
524	0
525	1
526	0
527	0
528	0
529	0
530	0
531	2
532	1
533	2
534	1
535	1
536	2
537	0
538	0
539	0
540	0
541	1
542	0
543	1
544	1
545	0
546	1
547	1
548	0
549	0
550	2
551	1
552	0
553	0
554	3
555	2
556	0
557	1
558	0
559	1
560	0
561	0
562	1
563	1
564	1
565	0
566	0
567	1
568	0
569	0
570	1
571	0
572	0
573	0
574	0
575	0
576	0
577	2
578	0
579	1
580	2
581	1
582	0
583	2
584	0
585	3
586	1
587	3
588	0
589	1
590	3
591	2
592	5
593	2
594	5
595	5
596	2
597	4
598	2
599	7
600	2
601	2
602	2
603	1
604	0
605	1
606	0
607	1
608	1
609	2
610	1
611	0
612	0
613	1
614	0
615	2
616	0
617	3
618	0
619	3
620	2
621	0
622	3
623	0
624	1
625	1
626	3
627	0
628	3
629	4
630	1
631	1
632	1
633	3
634	2
635	0
636	5
637	1
638	2
639	2
640	4
641	3
642	3
643	3
644	3
645	5
646	6
647	5
648	2
649	10
650	3
651	5
652	2
653	6
654	3
655	2
656	4
657	9
658	7
659	2
660	5
661	9
662	8
663	5
664	7
665	2
666	6
667	4
668	5
669	4
670	7
671	8
672	8
673	3
674	4
675	4
676	7
677	4
678	7
679	2
680	4
681	3
682	8
683	5
684	6
685	4
686	4
687	6
688	8
689	3
690	3
691	2
692	3
693	7
694	10
695	5
696	2
697	6
698	5
699	9
700	5
701	3
702	7
703	4
704	5
705	6
706	11
707	7
708	3
709	9
710	10
711	10
712	11
713	9
714	17
715	15
716	20
717	25
718	32
719	46
720	59
721	48
722	61
723	85
724	75
725	85
726	64
727	74
728	82
729	87
730	99
731	89
732	95
733	68
734	58
735	32
736	11
737	12
738	6
739	6
740	2
741	2
742	2
743	0
744	1
745	1
746	2
747	2
748	0
749	1
750	1
751	0
752	3
753	2
754	2
755	2
756	1
757	1
758	1
759	1
760	1
761	0
762	1
763	2
764	3
765	1
766	0
767	2
768	2
769	0
770	0
771	1
772	0
773	0
774	1
775	0
776	0
777	1
778	1
779	1
780	3
781	1
782	1
783	1
784	0
785	1
786	2
787	1
788	0
789	2
790	2
791	2
792	4
793	11
794	513
795	0
796	0
797	0
798	0
799	0
800	0
801	0
802	0
803	0
804	0
805	0
806	0
807	0
808	0
809	0
810	0
811	0
812	0
813	0
814	0
815	0
816	0
817	0
818	0
819	0
820	0
821	0
822	0
823	0
824	0
825	0
826	0
827	0
828	0
829	0
830	0
831	0
832	0
833	0
834	0
835	0
836	0
837	0
838	0
839	0
840	0
841	0
842	0
843	0
844	0
845	0
846	0
847	0
848	0
849	0
850	0
851	0
852	0
853	0
854	0
855	0
856	0
857	0
858	0
859	0
860	0
861	0
862	0
863	0
864	0
865	0
866	0
867	0
868	0
869	0
870	0
871	0
872	0
873	0
874	0
875	0
876	0
877	0
878	0
879	0
880	0
881	0
882	0
883	0
884	0
885	0
886	0
887	0
888	0
889	0
890	0
891	0
892	0
893	0
894	0
895	0
896	0
897	0
898	0
899	0
900	0
901	0
902	0
903	0
904	0
905	0
906	0
907	0
908	0
909	0
910	0
911	0
912	0
913	0
914	0
915	0
916	0
917	0
918	0
919	0
920	0
921	0
922	0
923	0
924	0
925	0
926	0
927	0
928	0
929	0
930	0
931	0
932	0
933	0
934	0
935	0
936	0
937	0
938	0
939	0
940	0
941	0
942	0
943	0
944	0
945	0
946	0
947	0
948	0
949	0
950	0
951	0
952	0
953	0
954	0
955	0
956	0
957	0
958	0
959	0
960	0
961	0
962	0
963	0
964	0
965	0
966	0
967	0
968	0
969	0
970	0
971	0
972	0
973	0
974	0
975	0
976	0
977	0
978	0
979	0
980	0
981	0
982	0
983	0
984	0
985	0
986	0
987	0
988	0
989	0
990	0
991	0
992	0
993	0
994	0
995	0
996	0
997	0
998	0
999	0
1000	0
1001	0
1002	0
1003	0
1004	0
1005	0
1006	0
1007	0
1008	0
1009	0
1010	0
1011	0
1012	0
1013	0
1014	0
1015	0
1016	0
1017	0
1018	0
1019	0
1020	0
1021	0
1022	0
1023	0
