Filename:  C:\Users\giovanni.gravili\Desktop\XDET\live_dataMn.mca
Description:  
TimeStamp:  12/01/2023 16:37:10

Spectral Data Information
Channel	Data
0	0
1	0
2	0
3	0
4	0
5	0
6	0
7	0
8	0
9	0
10	0
11	0
12	0
13	0
14	0
15	0
16	0
17	0
18	0
19	0
20	0
21	0
22	0
23	0
24	0
25	0
26	0
27	0
28	0
29	0
30	3
31	2
32	1
33	1
34	0
35	0
36	3
37	1
38	1
39	0
40	0
41	4
42	0
43	1
44	2
45	1
46	1
47	1
48	2
49	3
50	2
51	0
52	2
53	3
54	5
55	4
56	4
57	2
58	5
59	2
60	3
61	3
62	3
63	7
64	7
65	5
66	4
67	7
68	5
69	5
70	6
71	2
72	6
73	5
74	4
75	3
76	4
77	6
78	3
79	4
80	4
81	6
82	5
83	3
84	2
85	3
86	2
87	4
88	2
89	7
90	0
91	1
92	1
93	3
94	4
95	0
96	2
97	2
98	3
99	0
100	2
101	4
102	3
103	2
104	0
105	1
106	1
107	0
108	1
109	3
110	3
111	1
112	1
113	0
114	1
115	2
116	1
117	2
118	1
119	0
120	1
121	1
122	0
123	0
124	0
125	0
126	2
127	0
128	2
129	0
130	2
131	0
132	0
133	2
134	0
135	0
136	0
137	2
138	1
139	1
140	3
141	3
142	4
143	1
144	0
145	1
146	1
147	2
148	3
149	1
150	0
151	1
152	2
153	0
154	1
155	1
156	3
157	0
158	3
159	0
160	0
161	1
162	2
163	1
164	2
165	0
166	1
167	3
168	1
169	1
170	3
171	0
172	1
173	3
174	4
175	3
176	4
177	8
178	8
179	9
180	5
181	1
182	2
183	0
184	2
185	2
186	3
187	0
188	1
189	0
190	2
191	1
192	0
193	0
194	2
195	1
196	4
197	1
198	1
199	2
200	0
201	3
202	1
203	1
204	1
205	0
206	0
207	0
208	0
209	0
210	1
211	3
212	0
213	2
214	0
215	0
216	1
217	1
218	0
219	1
220	1
221	0
222	0
223	2
224	1
225	1
226	0
227	1
228	0
229	1
230	1
231	2
232	0
233	0
234	0
235	0
236	0
237	0
238	0
239	1
240	2
241	0
242	1
243	0
244	1
245	0
246	1
247	0
248	0
249	1
250	2
251	1
252	1
253	0
254	0
255	1
256	2
257	0
258	0
259	0
260	0
261	1
262	0
263	1
264	4
265	1
266	0
267	1
268	1
269	0
270	0
271	1
272	2
273	0
274	1
275	0
276	1
277	1
278	1
279	2
280	0
281	1
282	0
283	0
284	2
285	1
286	1
287	0
288	1
289	0
290	0
291	2
292	1
293	0
294	0
295	0
296	0
297	1
298	1
299	0
300	0
301	0
302	0
303	0
304	0
305	0
306	1
307	0
308	1
309	3
310	2
311	0
312	0
313	0
314	1
315	1
316	0
317	2
318	0
319	2
320	3
321	0
322	1
323	1
324	3
325	1
326	0
327	1
328	1
329	0
330	0
331	0
332	0
333	1
334	0
335	1
336	0
337	0
338	2
339	0
340	1
341	1
342	1
343	0
344	0
345	0
346	1
347	0
348	0
349	2
350	0
351	0
352	3
353	1
354	1
355	0
356	2
357	0
358	0
359	1
360	1
361	0
362	3
363	1
364	1
365	1
366	3
367	0
368	0
369	1
370	1
371	0
372	1
373	1
374	1
375	1
376	0
377	0
378	0
379	1
380	1
381	0
382	4
383	0
384	1
385	1
386	0
387	1
388	1
389	1
390	1
391	0
392	0
393	0
394	0
395	0
396	1
397	0
398	0
399	1
400	1
401	0
402	2
403	0
404	0
405	0
406	0
407	1
408	1
409	1
410	1
411	1
412	0
413	0
414	1
415	1
416	0
417	0
418	0
419	0
420	1
421	0
422	0
423	0
424	0
425	0
426	0
427	0
428	0
429	1
430	2
431	1
432	0
433	1
434	1
435	1
436	0
437	0
438	1
439	1
440	0
441	1
442	0
443	1
444	0
445	2
446	0
447	0
448	0
449	0
450	0
451	2
452	0
453	0
454	0
455	0
456	0
457	0
458	0
459	0
460	1
461	0
462	2
463	0
464	1
465	0
466	0
467	0
468	0
469	0
470	0
471	2
472	1
473	0
474	0
475	0
476	0
477	1
478	1
479	0
480	1
481	0
482	0
483	0
484	1
485	0
486	0
487	1
488	0
489	0
490	0
491	0
492	0
493	0
494	0
495	1
496	1
497	0
498	1
499	1
500	1
501	1
502	0
503	0
504	0
505	0
506	0
507	1
508	1
509	1
510	0
511	0
512	0
513	0
514	0
515	1
516	2
517	0
518	1
519	0
520	4
521	1
522	1
523	0
524	0
525	2
526	1
527	2
528	1
529	2
530	0
531	1
532	1
533	0
534	2
535	1
536	0
537	1
538	0
539	0
540	1
541	1
542	1
543	1
544	0
545	0
546	1
547	1
548	0
549	0
550	0
551	1
552	0
553	0
554	0
555	1
556	1
557	1
558	2
559	0
560	0
561	1
562	0
563	0
564	1
565	0
566	0
567	1
568	1
569	0
570	0
571	1
572	1
573	1
574	1
575	0
576	1
577	0
578	1
579	2
580	0
581	1
582	1
583	1
584	0
585	2
586	0
587	2
588	3
589	5
590	4
591	5
592	3
593	3
594	2
595	5
596	4
597	3
598	4
599	3
600	4
601	3
602	0
603	2
604	1
605	1
606	0
607	0
608	3
609	2
610	2
611	1
612	2
613	1
614	3
615	2
616	0
617	1
618	1
619	1
620	2
621	0
622	0
623	3
624	4
625	4
626	2
627	0
628	1
629	2
630	0
631	3
632	2
633	4
634	3
635	1
636	1
637	4
638	1
639	3
640	2
641	8
642	7
643	4
644	3
645	5
646	3
647	2
648	2
649	4
650	3
651	4
652	4
653	4
654	9
655	7
656	5
657	5
658	10
659	4
660	4
661	4
662	4
663	6
664	7
665	6
666	4
667	6
668	9
669	2
670	4
671	9
672	1
673	9
674	6
675	3
676	4
677	7
678	5
679	6
680	4
681	6
682	6
683	2
684	8
685	2
686	8
687	5
688	5
689	2
690	5
691	7
692	3
693	3
694	5
695	6
696	7
697	4
698	3
699	2
700	6
701	7
702	7
703	7
704	4
705	2
706	5
707	4
708	10
709	8
710	6
711	5
712	10
713	13
714	11
715	8
716	16
717	28
718	31
719	47
720	64
721	49
722	83
723	79
724	75
725	78
726	77
727	91
728	115
729	84
730	100
731	80
732	89
733	58
734	45
735	37
736	28
737	14
738	7
739	5
740	3
741	1
742	1
743	0
744	2
745	2
746	1
747	1
748	2
749	1
750	1
751	1
752	1
753	2
754	2
755	0
756	1
757	1
758	2
759	1
760	2
761	2
762	0
763	1
764	0
765	2
766	0
767	3
768	3
769	0
770	1
771	2
772	1
773	0
774	2
775	2
776	1
777	3
778	0
779	0
780	3
781	1
782	3
783	1
784	1
785	3
786	1
787	0
788	0
789	1
790	3
791	0
792	2
793	10
794	514
795	0
796	0
797	0
798	0
799	0
800	0
801	0
802	0
803	0
804	0
805	0
806	0
807	0
808	0
809	0
810	0
811	0
812	0
813	0
814	0
815	0
816	0
817	0
818	0
819	0
820	0
821	0
822	0
823	0
824	0
825	0
826	0
827	0
828	0
829	0
830	0
831	0
832	0
833	0
834	0
835	0
836	0
837	0
838	0
839	0
840	0
841	0
842	0
843	0
844	0
845	0
846	0
847	0
848	0
849	0
850	0
851	0
852	0
853	0
854	0
855	0
856	0
857	0
858	0
859	0
860	0
861	0
862	0
863	0
864	0
865	0
866	0
867	0
868	0
869	0
870	0
871	0
872	0
873	0
874	0
875	0
876	0
877	0
878	0
879	0
880	0
881	0
882	0
883	0
884	0
885	0
886	0
887	0
888	0
889	0
890	0
891	0
892	0
893	0
894	0
895	0
896	0
897	0
898	0
899	0
900	0
901	0
902	0
903	0
904	0
905	0
906	0
907	0
908	0
909	0
910	0
911	0
912	0
913	0
914	0
915	0
916	0
917	0
918	0
919	0
920	0
921	0
922	0
923	0
924	0
925	0
926	0
927	0
928	0
929	0
930	0
931	0
932	0
933	0
934	0
935	0
936	0
937	0
938	0
939	0
940	0
941	0
942	0
943	0
944	0
945	0
946	0
947	0
948	0
949	0
950	0
951	0
952	0
953	0
954	0
955	0
956	0
957	0
958	0
959	0
960	0
961	0
962	0
963	0
964	0
965	0
966	0
967	0
968	0
969	0
970	0
971	0
972	0
973	0
974	0
975	0
976	0
977	0
978	0
979	0
980	0
981	0
982	0
983	0
984	0
985	0
986	0
987	0
988	0
989	0
990	0
991	0
992	0
993	0
994	0
995	0
996	0
997	0
998	0
999	0
1000	0
1001	0
1002	0
1003	0
1004	0
1005	0
1006	0
1007	0
1008	0
1009	0
1010	0
1011	0
1012	0
1013	0
1014	0
1015	0
1016	0
1017	0
1018	0
1019	0
1020	0
1021	0
1022	0
1023	0
