Filename:  C:\Users\giovanni.gravili\Desktop\XDET\live_dataNi.mca
Description:  
TimeStamp:  12/01/2023 16:06:38

Spectral Data Information
Channel	Data
0	0
1	0
2	0
3	0
4	0
5	0
6	0
7	0
8	0
9	0
10	0
11	0
12	0
13	0
14	0
15	0
16	0
17	0
18	0
19	0
20	0
21	0
22	0
23	0
24	0
25	0
26	0
27	0
28	0
29	0
30	1
31	2
32	1
33	1
34	0
35	1
36	2
37	0
38	0
39	1
40	1
41	2
42	0
43	1
44	2
45	1
46	2
47	1
48	1
49	2
50	0
51	5
52	2
53	5
54	7
55	3
56	2
57	6
58	3
59	6
60	3
61	2
62	7
63	7
64	5
65	7
66	5
67	5
68	2
69	5
70	5
71	7
72	6
73	4
74	1
75	3
76	2
77	2
78	2
79	1
80	5
81	3
82	2
83	4
84	3
85	1
86	3
87	5
88	8
89	2
90	2
91	3
92	2
93	4
94	3
95	3
96	3
97	2
98	0
99	0
100	1
101	0
102	2
103	2
104	1
105	1
106	5
107	2
108	2
109	1
110	3
111	2
112	0
113	0
114	2
115	3
116	0
117	1
118	3
119	0
120	1
121	2
122	1
123	1
124	1
125	3
126	1
127	3
128	1
129	0
130	1
131	1
132	1
133	1
134	2
135	1
136	0
137	0
138	2
139	1
140	0
141	1
142	1
143	3
144	1
145	1
146	0
147	2
148	0
149	0
150	0
151	1
152	0
153	1
154	1
155	0
156	0
157	2
158	0
159	0
160	2
161	1
162	0
163	1
164	0
165	3
166	2
167	2
168	3
169	0
170	2
171	0
172	1
173	1
174	6
175	4
176	8
177	10
178	22
179	11
180	26
181	12
182	11
183	1
184	2
185	1
186	3
187	1
188	1
189	1
190	0
191	1
192	0
193	1
194	2
195	6
196	5
197	7
198	1
199	3
200	2
201	2
202	3
203	2
204	3
205	1
206	0
207	0
208	0
209	0
210	0
211	0
212	1
213	1
214	0
215	0
216	0
217	1
218	1
219	0
220	0
221	1
222	1
223	0
224	0
225	0
226	0
227	3
228	3
229	1
230	0
231	0
232	1
233	0
234	1
235	3
236	1
237	0
238	1
239	1
240	1
241	3
242	0
243	1
244	2
245	1
246	0
247	1
248	0
249	0
250	1
251	0
252	1
253	1
254	1
255	1
256	0
257	0
258	0
259	0
260	0
261	0
262	1
263	1
264	0
265	2
266	2
267	1
268	0
269	0
270	1
271	1
272	0
273	2
274	0
275	0
276	0
277	1
278	0
279	0
280	2
281	3
282	1
283	1
284	0
285	0
286	0
287	0
288	1
289	1
290	0
291	0
292	1
293	2
294	0
295	1
296	0
297	0
298	2
299	1
300	1
301	0
302	0
303	1
304	0
305	1
306	1
307	0
308	0
309	2
310	1
311	0
312	2
313	1
314	0
315	1
316	0
317	2
318	1
319	0
320	1
321	2
322	1
323	1
324	0
325	0
326	1
327	2
328	0
329	0
330	0
331	1
332	1
333	0
334	2
335	0
336	0
337	0
338	0
339	1
340	0
341	0
342	0
343	1
344	2
345	1
346	0
347	1
348	1
349	2
350	0
351	2
352	0
353	0
354	0
355	0
356	0
357	0
358	0
359	3
360	1
361	1
362	1
363	1
364	0
365	1
366	0
367	1
368	0
369	0
370	0
371	1
372	1
373	1
374	4
375	0
376	1
377	4
378	1
379	0
380	0
381	0
382	0
383	0
384	0
385	0
386	0
387	0
388	0
389	0
390	1
391	1
392	0
393	1
394	0
395	1
396	0
397	1
398	2
399	0
400	2
401	0
402	0
403	1
404	1
405	0
406	1
407	0
408	0
409	0
410	0
411	1
412	0
413	1
414	0
415	1
416	1
417	0
418	0
419	0
420	1
421	0
422	1
423	0
424	1
425	0
426	3
427	0
428	0
429	0
430	0
431	2
432	1
433	0
434	1
435	1
436	1
437	1
438	0
439	1
440	0
441	0
442	0
443	0
444	0
445	1
446	0
447	0
448	0
449	0
450	0
451	1
452	0
453	1
454	0
455	1
456	0
457	0
458	1
459	1
460	1
461	0
462	0
463	2
464	0
465	1
466	0
467	0
468	1
469	1
470	0
471	1
472	0
473	2
474	1
475	0
476	0
477	0
478	1
479	1
480	0
481	0
482	0
483	0
484	0
485	1
486	0
487	0
488	1
489	1
490	1
491	0
492	0
493	0
494	0
495	0
496	0
497	2
498	2
499	0
500	0
501	2
502	1
503	0
504	1
505	1
506	1
507	0
508	1
509	1
510	1
511	0
512	1
513	0
514	1
515	0
516	0
517	0
518	0
519	0
520	0
521	0
522	4
523	1
524	0
525	1
526	1
527	1
528	0
529	0
530	0
531	1
532	0
533	0
534	0
535	0
536	0
537	1
538	0
539	3
540	1
541	0
542	0
543	0
544	3
545	0
546	1
547	0
548	1
549	0
550	2
551	1
552	0
553	1
554	1
555	1
556	1
557	0
558	0
559	0
560	0
561	0
562	0
563	0
564	0
565	1
566	0
567	0
568	1
569	0
570	0
571	1
572	0
573	0
574	0
575	0
576	0
577	0
578	1
579	0
580	1
581	1
582	0
583	0
584	1
585	4
586	0
587	2
588	3
589	1
590	7
591	2
592	4
593	7
594	1
595	4
596	6
597	1
598	3
599	3
600	2
601	2
602	4
603	0
604	2
605	2
606	0
607	0
608	2
609	1
610	2
611	2
612	1
613	1
614	2
615	4
616	1
617	2
618	3
619	1
620	2
621	2
622	2
623	4
624	0
625	0
626	1
627	1
628	2
629	2
630	1
631	3
632	4
633	3
634	1
635	6
636	1
637	1
638	2
639	0
640	0
641	2
642	3
643	1
644	2
645	5
646	4
647	2
648	3
649	4
650	7
651	4
652	6
653	2
654	4
655	5
656	7
657	2
658	4
659	6
660	2
661	6
662	6
663	2
664	2
665	7
666	6
667	1
668	5
669	4
670	4
671	9
672	5
673	4
674	7
675	4
676	8
677	9
678	3
679	4
680	5
681	5
682	5
683	2
684	5
685	4
686	3
687	5
688	1
689	6
690	4
691	1
692	4
693	3
694	4
695	2
696	6
697	7
698	3
699	7
700	8
701	6
702	4
703	4
704	4
705	5
706	7
707	2
708	6
709	4
710	4
711	9
712	12
713	14
714	10
715	23
716	23
717	23
718	48
719	50
720	44
721	56
722	55
723	73
724	76
725	74
726	80
727	58
728	100
729	95
730	112
731	88
732	72
733	57
734	51
735	28
736	19
737	12
738	6
739	7
740	4
741	1
742	1
743	0
744	1
745	0
746	2
747	0
748	1
749	0
750	3
751	0
752	3
753	0
754	2
755	1
756	0
757	1
758	2
759	1
760	0
761	4
762	1
763	0
764	2
765	1
766	2
767	0
768	0
769	0
770	3
771	2
772	0
773	0
774	1
775	0
776	1
777	1
778	2
779	4
780	2
781	0
782	1
783	2
784	1
785	0
786	0
787	2
788	0
789	0
790	0
791	0
792	1
793	107
794	406
795	0
796	0
797	0
798	0
799	0
800	0
801	0
802	0
803	0
804	0
805	0
806	0
807	0
808	0
809	0
810	0
811	0
812	0
813	0
814	0
815	0
816	0
817	0
818	0
819	0
820	0
821	0
822	0
823	0
824	0
825	0
826	0
827	0
828	0
829	0
830	0
831	0
832	0
833	0
834	0
835	0
836	0
837	0
838	0
839	0
840	0
841	0
842	0
843	0
844	0
845	0
846	0
847	0
848	0
849	0
850	0
851	0
852	0
853	0
854	0
855	0
856	0
857	0
858	0
859	0
860	0
861	0
862	0
863	0
864	0
865	0
866	0
867	0
868	0
869	0
870	0
871	0
872	0
873	0
874	0
875	0
876	0
877	0
878	0
879	0
880	0
881	0
882	0
883	0
884	0
885	0
886	0
887	0
888	0
889	0
890	0
891	0
892	0
893	0
894	0
895	0
896	0
897	0
898	0
899	0
900	0
901	0
902	0
903	0
904	0
905	0
906	0
907	0
908	0
909	0
910	0
911	0
912	0
913	0
914	0
915	0
916	0
917	0
918	0
919	0
920	0
921	0
922	0
923	0
924	0
925	0
926	0
927	0
928	0
929	0
930	0
931	0
932	0
933	0
934	0
935	0
936	0
937	0
938	0
939	0
940	0
941	0
942	0
943	0
944	0
945	0
946	0
947	0
948	0
949	0
950	0
951	0
952	0
953	0
954	0
955	0
956	0
957	0
958	0
959	0
960	0
961	0
962	0
963	0
964	0
965	0
966	0
967	0
968	0
969	0
970	0
971	0
972	0
973	0
974	0
975	0
976	0
977	0
978	0
979	0
980	0
981	0
982	0
983	0
984	0
985	0
986	0
987	0
988	0
989	0
990	0
991	0
992	0
993	0
994	0
995	0
996	0
997	0
998	0
999	0
1000	0
1001	0
1002	0
1003	0
1004	0
1005	0
1006	0
1007	0
1008	0
1009	0
1010	0
1011	0
1012	0
1013	0
1014	0
1015	0
1016	0
1017	0
1018	0
1019	0
1020	0
1021	0
1022	0
1023	0
