Vernier Format 2
Lab_RT.cmbl 17/11/2023 16:42:19 ,
Latest
Time	Potential 1	Potential 2	Potential 3	Potential 4	R1	R2	R3	Temp	R1/R10	R2/R20	R3/R30
t	Pot 1	Pot 2	Pot 3	Pot 4	CC	CC	CC	CC	CC	CC	CC
s	V	V	V	V	Ω	Ω	Ω	K			
0	1,32112	0,0634921	2,33578	2,99267	132,112	6,34921	2,33578	299,267	0,982742204237	1,0129562859	1,0024806867
10	1,3199	0,0634921	2,33578	2,9939	131,99	6,34921	2,33578	299,39	0,981834682219	1,0129562859	1,0024806867
20	1,3199	0,0622711	2,33578	2,9939	131,99	6,22711	2,33578	299,39	0,981834682219	0,993476388003	1,0024806867
30	1,31868	0,0622711	2,337	2,9939	131,868	6,22711	2,337	299,39	0,9809271602	0,993476388003	1,00300429185
40	1,31868	0,0622711	2,337	2,9939	131,868	6,22711	2,337	299,39	0,9809271602	0,993476388003	1,00300429185
50	1,31746	0,0622711	2,337	2,99512	131,746	6,22711	2,337	299,512	0,980019638181	0,993476388003	1,00300429185
60	1,3199	0,0622711	2,337	2,99512	131,99	6,22711	2,337	299,512	0,981834682219	0,993476388003	1,00300429185
70	1,33211	0,0647131	2,33455	2,99512	133,211	6,47131	2,33455	299,512	0,990917341109	1,03243618379	1,0019527897
80	1,34921	0,0647131	2,33211	2,9939	134,921	6,47131	2,33211	299,39	1,00363752678	1,03243618379	1,0009055794
90	1,36874	0,0634921	2,32723	2,99145	136,874	6,34921	2,32723	299,145	1,01816531778	1,0129562859	0,998811158798
100	1,3895	0,0634921	2,32112	2,98535	138,95	6,34921	2,32112	298,535	1,03360806951	1,0129562859	0,996188841202
110	1,41026	0,0634921	2,31502	2,98046	141,026	6,34921	2,31502	298,046	1,04905082123	1,0129562859	0,993570815451
120	1,43101	0,0634921	2,30769	2,97558	143,101	6,34921	2,30769	297,558	1,06448613425	1,0129562859	0,990424892704
130	1,45177	0,0634921	2,30037	2,96825	145,177	6,34921	2,30037	296,825	1,07992888598	1,0129562859	0,987283261803
140	1,47375	0,0634921	2,29182	2,95971	147,375	6,34921	2,29182	295,971	1,09627915972	1,0129562859	0,983613733906
150	1,49451	0,0622711	2,28327	2,95116	149,451	6,22711	2,28327	295,116	1,11172191145	0,993476388003	0,979944206009
160	1,51526	0,0622711	2,2735	2,94017	151,526	6,22711	2,2735	294,017	1,12715722447	0,993476388003	0,975751072961
170	1,53602	0,0622711	2,26374	2,9304	153,602	6,22711	2,26374	293,04	1,1425999762	0,993476388003	0,97156223176
180	1,55556	0,0610501	2,25275	2,91941	155,556	6,10501	2,25275	291,941	1,1571352059	0,973996490108	0,966845493562
190	1,57387	0,0610501	2,24298	2,90598	157,387	6,10501	2,24298	290,598	1,17075547489	0,973996490108	0,962652360515
200	1,59219	0,0610501	2,23077	2,89377	159,219	6,10501	2,23077	289,377	1,18438318258	0,973996490108	0,957412017167
210	1,60684	0,0610501	2,221	2,88156	160,684	6,10501	2,221	288,156	1,1952808855	0,973996490108	0,95321888412
220	1,62027	0,0598291	2,20879	2,86813	162,027	5,98291	2,20879	286,813	1,20527106641	0,954516592214	0,947978540773
230	1,63126	0,0598291	2,19658	2,8547	163,126	5,98291	2,19658	285,47	1,21344620328	0,954516592214	0,942738197425
240	1,6398	0,0598291	2,18437	2,84005	163,98	5,98291	2,18437	284,005	1,21979885741	0,954516592214	0,937497854077
250	1,64713	0,0598291	2,17216	2,8254	164,713	5,98291	2,17216	282,54	1,22525142823	0,954516592214	0,93225751073
260	1,65201	0,0586081	2,15995	2,81197	165,201	5,86081	2,15995	281,197	1,22888151631	0,93503669432	0,927017167382
270	1,65324	0,0586081	2,14652	2,79731	165,324	5,86081	2,14652	279,731	1,22979647703	0,93503669432	0,921253218884
280	1,65324	0,0573871	2,13553	2,78144	165,324	5,73871	2,13553	278,144	1,22979647703	0,915556796426	0,916536480687
290	1,65201	0,0573871	2,1221	2,76679	165,201	5,73871	2,1221	276,679	1,22888151631	0,915556796426	0,910772532189
300	1,64835	0,0561661	2,10989	2,75092	164,835	5,61661	2,10989	275,092	1,22615895025	0,896076898532	0,905532188841
310	1,64347	0,0561661	2,09646	2,73504	164,347	5,61661	2,09646	273,504	1,22252886218	0,896076898532	0,899768240343
320	1,63736	0,0561661	2,08425	2,71917	163,736	5,61661	2,08425	271,917	1,21798381338	0,896076898532	0,894527896996
330	1,63004	0,0549451	2,07204	2,70452	163,004	5,49451	2,07204	270,452	1,21253868127	0,876597000638	0,889287553648
340	1,62149	0,0549451	2,05861	2,68864	162,149	5,49451	2,05861	268,864	1,20617858843	0,876597000638	0,88352360515
350	1,61172	0,0549451	2,0464	2,67277	161,172	5,49451	2,0464	267,277	1,19891097358	0,876597000638	0,878283261803
360	1,60195	0,0537241	2,03419	2,65812	160,195	5,37241	2,03419	265,812	1,19164335872	0,857117102744	0,873042918455
370	1,59219	0,0537241	2,02198	2,64225	159,219	5,37241	2,02198	264,225	1,18438318258	0,857117102744	0,867802575107
380	1,5812	0,0525031	2,00977	2,62637	158,12	5,25031	2,00977	262,637	1,1762080457	0,83763720485	0,86256223176
390	1,57021	0,0525031	1,99756	2,61172	157,021	5,25031	1,99756	261,172	1,16803290883	0,83763720485	0,857321888412
400	1,558	0,0525031	1,98535	2,59707	155,8	5,25031	1,98535	259,707	1,15895024994	0,83763720485	0,852081545064
410	1,54701	0,0512821	1,97314	2,5812	154,701	5,12821	1,97314	258,12	1,15077511307	0,818157306956	0,846841201717
420	1,53602	0,0512821	1,96093	2,56654	153,602	5,12821	1,96093	256,654	1,1425999762	0,818157306956	0,841600858369
430	1,52381	0,0512821	1,94872	2,55189	152,381	5,12821	1,94872	255,189	1,13351731731	0,818157306956	0,836360515021
440	1,5116	0,0500611	1,93651	2,53724	151,16	5,00611	1,93651	253,724	1,12443465841	0,798677409062	0,831120171674
450	1,49939	0,0500611	1,92552	2,52259	149,939	5,00611	1,92552	252,259	1,11535199952	0,798677409062	0,826403433476
460	1,4884	0,0500611	1,91453	2,50794	148,84	5,00611	1,91453	250,794	1,10717686265	0,798677409062	0,821686695279
470	1,47619	0,04884	1,90232	2,49451	147,619	4,884	1,90232	249,451	1,09809420376	0,779195915763	0,816446351931
480	1,46398	0,04884	1,89133	2,47863	146,398	4,884	1,89133	247,863	1,08901154487	0,779195915763	0,811729613734
490	1,45299	0,047619	1,88034	2,4652	145,299	4,7619	1,88034	246,52	1,080836408	0,759716017869	0,807012875536
500	1,44078	0,047619	1,86813	2,45177	144,078	4,7619	1,86813	245,177	1,07175374911	0,759716017869	0,801772532189
510	1,42857	0,047619	1,85714	2,43712	142,857	4,7619	1,85714	243,712	1,06267109022	0,759716017869	0,797055793991
520	1,41758	0,046398	1,84615	2,42491	141,758	4,6398	1,84615	242,491	1,05449595334	0,740236119974	0,792339055794
530	1,40659	0,046398	1,83516	2,41026	140,659	4,6398	1,83516	241,026	1,04632081647	0,740236119974	0,787622317597
540	1,3956	0,046398	1,82418	2,39683	139,56	4,6398	1,82418	239,683	1,0381456796	0,740236119974	0,782909871245
550	1,38462	0,045177	1,81441	2,38462	138,462	4,5177	1,81441	238,462	1,02997798143	0,72075622208	0,778716738197
560	1,37363	0,045177	1,80342	2,37118	137,363	4,5177	1,80342	237,118	1,02180284456	0,72075622208	0,774
570	1,36264	0,045177	1,79365	2,35897	136,264	4,5177	1,79365	235,897	1,01362770769	0,72075622208	0,769806866953
580	1,35287	0,043956	1,78388	2,34676	135,287	4,3956	1,78388	234,676	1,00636009284	0,701276324186	0,765613733906
590	1,34188	0,043956	1,77289	2,33455	134,188	4,3956	1,77289	233,455	0,998184955963	0,701276324186	0,760896995708
600	1,33211	0,043956	1,76313	2,32112	133,211	4,3956	1,76313	232,112	0,990917341109	0,701276324186	0,756708154506
610	1,32112	0,043956	1,75336	2,30891	132,112	4,3956	1,75336	230,891	0,982742204237	0,701276324186	0,752515021459
620	1,31136	0,042735	1,74359	2,2967	131,136	4,2735	1,74359	229,67	0,975482028089	0,681796426292	0,748321888412
630	1,30159	0,042735	1,73382	2,28571	130,159	4,2735	1,73382	228,571	0,968214413235	0,681796426292	0,744128755365
640	1,29182	0,042735	1,72405	2,27473	129,182	4,2735	1,72405	227,473	0,960946798381	0,681796426292	0,739935622318
650	1,28327	0,041514	1,71551	2,26252	128,327	4,1514	1,71551	226,252	0,954586705546	0,662316528398	0,736270386266
660	1,2735	0,041514	1,70574	2,25153	127,35	4,1514	1,70574	225,153	0,947319090693	0,662316528398	0,732077253219
670	1,26374	0,041514	1,69719	2,24054	126,374	4,1514	1,69719	224,054	0,940058914544	0,662316528398	0,728407725322
680	1,25519	0,040293	1,68742	2,22955	125,519	4,0293	1,68742	222,955	0,933698821709	0,642836630504	0,724214592275
690	1,24542	0,040293	1,67888	2,21856	124,542	4,0293	1,67888	221,856	0,926431206856	0,642836630504	0,720549356223
700	1,23687	0,040293	1,67033	2,20757	123,687	4,0293	1,67033	220,757	0,92007111402	0,642836630504	0,716879828326
710	1,22955	0,040293	1,66178	2,1978	122,955	4,0293	1,66178	219,78	0,914625981909	0,642836630504	0,713210300429
720	1,21978	0,040293	1,65324	2,18681	121,978	4,0293	1,65324	218,681	0,907358367055	0,642836630504	0,709545064378
730	1,21123	0,039072	1,64469	2,17582	121,123	3,9072	1,64469	217,582	0,90099827422	0,62335673261	0,705875536481
740	1,20391	0,039072	1,63614	2,16606	120,391	3,9072	1,63614	216,606	0,895553142109	0,62335673261	0,702206008584
750	1,19536	0,039072	1,62759	2,15629	119,536	3,9072	1,62759	215,629	0,889193049274	0,62335673261	0,698536480687
760	1,18681	0,039072	1,62027	2,14774	118,681	3,9072	1,62027	214,774	0,882832956439	0,62335673261	0,695394849785
770	1,17949	0,039072	1,61172	2,13675	117,949	3,9072	1,61172	213,675	0,877387824328	0,62335673261	0,691725321888
780	1,17094	0,037851	1,6044	2,12698	117,094	3,7851	1,6044	212,698	0,871027731493	0,603876834716	0,688583690987
790	1,16361	0,037851	1,59707	2,11844	116,361	3,7851	1,59707	211,844	0,865575160676	0,603876834716	0,68543776824
800	1,15629	0,037851	1,58852	2,10989	115,629	3,7851	1,58852	210,989	0,860130028565	0,603876834716	0,681768240343
810	1,14896	0,03663	1,5812	2,10012	114,896	3,663	1,5812	210,012	0,854677457748	0,584396936822	0,678626609442
820	1,14164	0,03663	1,57265	2,09035	114,164	3,663	1,57265	209,035	0,849232325637	0,584396936822	0,674957081545
830	1,13553	0,03663	1,56532	2,08181	113,553	3,663	1,56532	208,181	0,844687276839	0,584396936822	0,671811158798
840	1,12821	0,03663	1,558	2,07326	112,821	3,663	1,558	207,326	0,839242144727	0,584396936822	0,668669527897
850	1,12088	0,03663	1,55067	2,06471	112,088	3,663	1,55067	206,471	0,833789573911	0,584396936822	0,66552360515
860	1,11355	0,03663	1,54457	2,05617	111,355	3,663	1,54457	205,617	0,828337003095	0,584396936822	0,662905579399
870	1,10745	0,035409	1,53724	2,04762	110,745	3,5409	1,53724	204,762	0,823799393002	0,564917038928	0,659759656652
880	1,10012	0,035409	1,52991	2,04029	110,012	3,5409	1,52991	204,029	0,818346822185	0,564917038928	0,656613733906
890	1,09402	0,035409	1,52259	2,03175	109,402	3,5409	1,52259	203,175	0,813809212092	0,564917038928	0,653472103004
900	1,08669	0,035409	1,51526	2,0232	108,669	3,5409	1,51526	202,32	0,808356641276	0,564917038928	0,650326180258
910	1,08059	0,034188	1,50916	2,01465	108,059	3,4188	1,50916	201,465	0,803819031183	0,545437141034	0,647708154506
920	1,07448	0,035409	1,50183	2,00733	107,448	3,5409	1,50183	200,733	0,799273982385	0,564917038928	0,64456223176
930	1,06838	0,034188	1,49695	2	106,838	3,4188	1,49695	200	0,794736372292	0,545437141034	0,642467811159
940	1,06227	0,034188	1,48962	1,99267	106,227	3,4188	1,48962	199,267	0,790191323494	0,545437141034	0,639321888412
950	1,05617	0,034188	1,4823	1,98535	105,617	3,4188	1,4823	198,535	0,785653713402	0,545437141034	0,636180257511
960	1,05006	0,034188	1,47741	1,97802	105,006	3,4188	1,47741	197,802	0,781108664604	0,545437141034	0,634081545064
970	1,04518	0,032967	1,47009	1,9707	104,518	3,2967	1,47009	197,07	0,777478576529	0,52595724314	0,630939914163
980	1,03907	0,032967	1,4652	1,96337	103,907	3,2967	1,4652	196,337	0,772933527731	0,52595724314	0,628841201717
990	1,03297	0,032967	1,45788	1,95482	103,297	3,2967	1,45788	195,482	0,768395917639	0,52595724314	0,625699570815
1000	1,02808	0,032967	1,45177	1,94872	102,808	3,2967	1,45177	194,872	0,764758390859	0,52595724314	0,623077253219
1010	1,02198	0,031746	1,44567	1,94139	102,198	3,1746	1,44567	194,139	0,760220780766	0,506477345246	0,620459227468
1020	1,01709	0,032967	1,44078	1,93529	101,709	3,2967	1,44078	193,529	0,756583253987	0,52595724314	0,618360515021
1030	1,01099	0,032967	1,43468	1,92796	101,099	3,2967	1,43468	192,796	0,752045643894	0,52595724314	0,61574248927
1040	1,00611	0,031746	1,42857	1,92186	100,611	3,1746	1,42857	192,186	0,74841555582	0,506477345246	0,613120171674
1050	1	0,031746	1,42369	1,91575	100	3,1746	1,42369	191,575	0,743870507022	0,506477345246	0,611025751073
1060	0,995116	0,032967	1,41636	1,9072	99,5116	3,2967	1,41636	190,72	0,740237443466	0,52595724314	0,607879828326
1070	0,989011	0,031746	1,41148	1,9011	98,9011	3,1746	1,41148	190,11	0,73569611402	0,506477345246	0,605785407725
1080	0,982906	0,031746	1,40537	1,89499	98,2906	3,1746	1,40537	189,499	0,731154784575	0,506477345246	0,603163090129
1090	0,976801	0,031746	1,40049	1,88889	97,6801	3,1746	1,40049	188,889	0,72661345513	0,506477345246	0,601068669528
1100	0,971917	0,031746	1,39438	1,88278	97,1917	3,1746	1,39438	188,278	0,722980391573	0,506477345246	0,598446351931
1110	0,967033	0,030525	1,38828	1,87546	96,7033	3,0525	1,38828	187,546	0,719347328017	0,486997447352	0,59582832618
1120	0,962149	0,030525	1,38217	1,87057	96,2149	3,0525	1,38217	187,057	0,715714264461	0,486997447352	0,593206008584
1130	0,957265	0,030525	1,37729	1,86447	95,7265	3,0525	1,37729	186,447	0,712081200905	0,486997447352	0,591111587983
1140	0,952381	0,031746	1,37241	1,85714	95,2381	3,1746	1,37241	185,714	0,708448137348	0,506477345246	0,589017167382
1150	0,947497	0,030525	1,3663	1,85104	94,7497	3,0525	1,3663	185,104	0,704815073792	0,486997447352	0,586394849785
1160	0,942613	0,030525	1,36142	1,84493	94,2613	3,0525	1,36142	184,493	0,701182010236	0,486997447352	0,584300429185
1170	0,937729	0,030525	1,35409	1,84005	93,7729	3,0525	1,35409	184,005	0,697548946679	0,486997447352	0,581154506438
1180	0,932845	0,030525	1,35043	1,83394	93,2845	3,0525	1,35043	183,394	0,693915883123	0,486997447352	0,579583690987
1190	0,927961	0,030525	1,34432	1,82784	92,7961	3,0525	1,34432	182,784	0,690282819567	0,486997447352	0,576961373391
1200	0,920635	0,030525	1,33822	1,81929	92,0635	3,0525	1,33822	181,929	0,684833224232	0,486997447352	0,574343347639
1210	0,913309	0,030525	1,32967	1,81319	91,3309	3,0525	1,32967	181,319	0,679383628898	0,486997447352	0,570673819742
1220	0,904762	0,030525	1,32234	1,80464	90,4762	3,0525	1,32234	180,464	0,673025767674	0,486997447352	0,567527896996
1230	0,894994	0,030525	1,31258	1,79731	89,4994	3,0525	1,31258	179,731	0,665759640562	0,486997447352	0,563339055794
1240	0,884005	0,029304	1,30159	1,78632	88,4005	2,9304	1,30159	178,632	0,65758524756	0,467517549458	0,558622317597
1250	0,874237	0,029304	1,29182	1,77534	87,4237	2,9304	1,29182	177,534	0,650319120448	0,467517549458	0,554429184549
1260	0,86569	0,029304	1,27961	1,76435	86,569	2,9304	1,27961	176,435	0,643961259224	0,467517549458	0,549188841202
1270	0,857143	0,029304	1,26862	1,75336	85,7143	2,9304	1,26862	175,336	0,637603398	0,467517549458	0,544472103004
1280	0,847375	0,029304	1,25519	1,74237	84,7375	2,9304	1,25519	174,237	0,630337270888	0,467517549458	0,538708154506
1290	0,837607	0,028083	1,2442	1,72894	83,7607	2,8083	1,2442	172,894	0,623071143775	0,448037651563	0,533991416309
1300	0,82906	0,028083	1,23199	1,71673	82,906	2,8083	1,23199	171,673	0,616713282552	0,448037651563	0,528751072961
1310	0,818071	0,026862	1,21856	1,70452	81,8071	2,6862	1,21856	170,452	0,60853888955	0,428557753669	0,522987124464
1320	0,808303	0,026862	1,20513	1,69109	80,8303	2,6862	1,20513	169,109	0,601272762438	0,428557753669	0,517223175966
1330	0,798535	0,026862	1,19292	1,67766	79,8535	2,6862	1,19292	167,766	0,594006635325	0,428557753669	0,511982832618
1340	0,787546	0,026862	1,18071	1,66422	78,7546	2,6862	1,18071	166,422	0,585832242323	0,428557753669	0,50674248927
1350	0,777778	0,025641	1,16728	1,65079	77,7778	2,5641	1,16728	165,079	0,578566115211	0,409077855775	0,500978540773
1360	0,76801	0,025641	1,15385	1,63736	76,801	2,5641	1,15385	163,736	0,571299988098	0,409077855775	0,495214592275
1370	0,758242	0,02442	1,14286	1,62393	75,8242	2,442	1,14286	162,393	0,564033860985	0,389597957881	0,490497854077
1380	0,748474	0,02442	1,12943	1,6105	74,8474	2,442	1,12943	161,05	0,556767733873	0,389597957881	0,484733905579
1390	0,739927	0,02442	1,116	1,59707	73,9927	2,442	1,116	159,707	0,550409872649	0,389597957881	0,478969957082
1400	0,728938	0,023199	1,10379	1,58364	72,8938	2,3199	1,10379	158,364	0,542235479648	0,370118059987	0,473729613734
1410	0,720391	0,023199	1,09158	1,57021	72,0391	2,3199	1,09158	157,021	0,535877618424	0,370118059987	0,468489270386
1420	0,710623	0,023199	1,07937	1,558	71,0623	2,3199	1,07937	155,8	0,528611491312	0,370118059987	0,463248927039
1430	0,702076	0,023199	1,06716	1,54457	70,2076	2,3199	1,06716	154,457	0,522253630088	0,370118059987	0,458008583691
1440	0,693529	0,021978	1,05617	1,53236	69,3529	2,1978	1,05617	153,236	0,515895768865	0,350638162093	0,453291845494
1450	0,684982	0,021978	1,04396	1,52015	68,4982	2,1978	1,04396	152,015	0,509537907641	0,350638162093	0,448051502146
1460	0,676435	0,021978	1,03297	1,50794	67,6435	2,1978	1,03297	150,794	0,503180046418	0,350638162093	0,443334763948
1470	0,667888	0,021978	1,02198	1,49573	66,7888	2,1978	1,02198	149,573	0,496822185194	0,350638162093	0,438618025751
1480	0,659341	0,020757	1,01099	1,48474	65,9341	2,0757	1,01099	148,474	0,49046432397	0,331158264199	0,433901287554
1490	0,652015	0,020757	1	1,47253	65,2015	2,0757	1	147,253	0,485014728636	0,331158264199	0,429184549356
1500	0,644689	0,020757	0,989011	1,46032	64,4689	2,0757	0,989011	146,032	0,479565133302	0,331158264199	0,424468240343
1510	0,636142	0,019536	0,979243	1,44933	63,6142	1,9536	0,979243	144,933	0,473207272078	0,311678366305	0,420275965665
1520	0,628816	0,020757	0,968254	1,43956	62,8816	2,0757	0,968254	143,956	0,467757676744	0,331158264199	0,415559656652
1530	0,62149	0,019536	0,958486	1,42857	62,149	1,9536	0,958486	142,857	0,462308081409	0,311678366305	0,411367381974
1540	0,614164	0,019536	0,949939	1,41758	61,4164	1,9536	0,949939	141,758	0,456858486075	0,311678366305	0,407699141631
1550	0,608059	0,019536	0,940171	1,40781	60,8059	1,9536	0,940171	140,781	0,452317156629	0,311678366305	0,403506866953
1560	0,600733	0,018315	0,930403	1,39805	60,0733	1,8315	0,930403	139,805	0,446867561295	0,292198468411	0,399314592275
1570	0,594628	0,018315	0,921856	1,38828	59,4628	1,8315	0,921856	138,828	0,44232623185	0,292198468411	0,395646351931
1580	0,588523	0,018315	0,913309	1,37973	58,8523	1,8315	0,913309	137,973	0,437784902404	0,292198468411	0,391978111588
1590	0,582418	0,018315	0,903541	1,36996	58,2418	1,8315	0,903541	136,996	0,433243572959	0,292198468411	0,38778583691
1600	0,576313	0,018315	0,894994	1,3602	57,6313	1,8315	0,894994	136,02	0,428702243513	0,292198468411	0,384117596567
1610	0,570208	0,018315	0,886447	1,35287	57,0208	1,8315	0,886447	135,287	0,424160914068	0,292198468411	0,380449356223
1620	0,564103	0,017094	0,8779	1,3431	56,4103	1,7094	0,8779	134,31	0,419619584623	0,272718570517	0,37678111588
1630	0,559219	0,017094	0,869353	1,33578	55,9219	1,7094	0,869353	133,578	0,415986521066	0,272718570517	0,373112875536
1640	0,554335	0,017094	0,862027	1,32723	55,4335	1,7094	0,862027	132,723	0,41235345751	0,272718570517	0,369968669528
1650	0,54823	0,017094	0,85348	1,3199	54,823	1,7094	0,85348	131,99	0,407812128065	0,272718570517	0,366300429185
1660	0,543346	0,015873	0,846154	1,31136	54,3346	1,5873	0,846154	131,136	0,404179064508	0,253238672623	0,363156223176
1670	0,538462	0,015873	0,838828	1,30403	53,8462	1,5873	0,838828	130,403	0,400546000952	0,253238672623	0,360012017167
1680	0,533578	0,015873	0,831502	1,2967	53,3578	1,5873	0,831502	129,67	0,396912937396	0,253238672623	0,356867811159
1690	0,528694	0,015873	0,824176	1,28938	52,8694	1,5873	0,824176	128,938	0,39327987384	0,253238672623	0,35372360515
1700	0,52381	0,015873	0,818071	1,28205	52,381	1,5873	0,818071	128,205	0,389646810283	0,253238672623	0,351103433476
1710	0,520147	0,015873	0,810745	1,2735	52,0147	1,5873	0,810745	127,35	0,386922012616	0,253238672623	0,347959227468
1720	0,515263	0,015873	0,80464	1,2674	51,5263	1,5873	0,80464	126,74	0,38328894906	0,253238672623	0,345339055794
1730	0,5116	0,014652	0,798535	1,26129	51,16	1,4652	0,798535	126,129	0,380564151393	0,233758774729	0,34271888412
1740	0,507937	0,014652	0,79243	1,25519	50,7937	1,4652	0,79243	125,519	0,377839353725	0,233758774729	0,340098712446
1750	0,503053	0,014652	0,785104	1,25031	50,3053	1,4652	0,785104	125,031	0,374206290169	0,233758774729	0,336954506438
1760	0,499389	0,014652	0,778999	1,2442	49,9389	1,4652	0,778999	124,42	0,371480748631	0,233758774729	0,334334334764
1770	0,495726	0,014652	0,772894	1,2381	49,5726	1,4652	0,772894	123,81	0,368755950964	0,233758774729	0,33171416309
1780	0,492063	0,014652	0,76801	1,23199	49,2063	1,4652	0,76801	123,199	0,366031153297	0,233758774729	0,329618025751
1790	0,4884	0,014652	0,761905	1,22711	48,84	1,4652	0,761905	122,711	0,36330635563	0,233758774729	0,326997854077
1800	0,484737	0,014652	0,757021	1,22222	48,4737	1,4652	0,757021	122,222	0,360581557962	0,233758774729	0,324901716738
1810	0,482295	0,013431	0,752137	1,21734	48,2295	1,3431	0,752137	121,734	0,358765026184	0,214278876835	0,322805579399
1820	0,478632	0,013431	0,746032	1,21245	47,8632	1,3431	0,746032	121,245	0,356040228517	0,214278876835	0,320185407725
1830	0,47619	0,013431	0,741148	1,20635	47,619	1,3431	0,741148	120,635	0,354223696739	0,214278876835	0,318089270386
1840	0,472527	0,013431	0,735043	1,20269	47,2527	1,3431	0,735043	120,269	0,351498899072	0,214278876835	0,315469098712
1850	0,470085	0,013431	0,73138	1,19658	47,0085	1,3431	0,73138	119,658	0,349682367294	0,214278876835	0,313896995708
1860	0,466422	0,013431	0,726496	1,1917	46,6422	1,3431	0,726496	119,17	0,346957569626	0,214278876835	0,311800858369
1870	0,46398	0,013431	0,721612	1,18803	46,398	1,3431	0,721612	118,803	0,345141037848	0,214278876835	0,30970472103
1880	0,461538	0,013431	0,717949	1,18437	46,1538	1,3431	0,717949	118,437	0,34332450607	0,214278876835	0,308132618026
1890	0,457875	0,013431	0,713065	1,17949	45,7875	1,3431	0,713065	117,949	0,340599708403	0,214278876835	0,306036480687
1900	0,455433	0,01221	0,708181	1,1746	45,5433	1,221	0,708181	117,46	0,338783176625	0,194798978941	0,303940343348
1910	0,452991	0,01221	0,704518	1,17216	45,2991	1,221	0,704518	117,216	0,336966644846	0,194798978941	0,302368240343
1920	0,450549	0,01221	0,700855	1,16728	45,0549	1,221	0,700855	116,728	0,335150113068	0,194798978941	0,300796137339
1930	0,448107	0,01221	0,695971	1,16361	44,8107	1,221	0,695971	116,361	0,33333358129	0,194798978941	0,2987
1940	0,446886	0,01221	0,692308	1,15995	44,6886	1,221	0,692308	115,995	0,332425315401	0,194798978941	0,297127896996
1950	0,444444	0,01221	0,688645	1,15629	44,4444	1,221	0,688645	115,629	0,330608783623	0,194798978941	0,295555793991
1960	0,442002	0,01221	0,684982	1,15263	44,2002	1,221	0,684982	115,263	0,328792251845	0,194798978941	0,293983690987
1970	0,43956	0,01221	0,681319	1,14896	43,956	1,221	0,681319	114,896	0,326975720067	0,194798978941	0,292411587983
1980	0,437118	0,01221	0,677656	1,14652	43,7118	1,221	0,677656	114,652	0,325159188289	0,194798978941	0,290839484979
1990	0,435897	0,01221	0,673993	1,14286	43,5897	1,221	0,673993	114,286	0,324250922399	0,194798978941	0,289267381974
2000	0,434676	0,010989	0,671551	1,13919	43,4676	1,0989	0,671551	113,919	0,32334265651	0,175319081047	0,288219313305
2010	0,432234	0,01221	0,667888	1,13675	43,2234	1,221	0,667888	113,675	0,321526124732	0,194798978941	0,2866472103
2020	0,429792	0,01221	0,664225	1,13431	42,9792	1,221	0,664225	113,431	0,319709592954	0,194798978941	0,285075107296
2030	0,428571	0,01221	0,661783	1,13065	42,8571	1,221	0,661783	113,065	0,318801327065	0,194798978941	0,284027038627
2040	0,426129	0,01221	0,659341	1,12821	42,6129	1,221	0,659341	112,821	0,316984795287	0,194798978941	0,282978969957
2050	0,424908	0,010989	0,655678	1,12454	42,4908	1,0989	0,655678	112,454	0,316076529398	0,175319081047	0,281406866953
2060	0,423687	0,010989	0,653236	1,1221	42,3687	1,0989	0,653236	112,21	0,315168263509	0,175319081047	0,280358798283
2070	0,421245	0,010989	0,650794	1,11966	42,1245	1,0989	0,650794	111,966	0,313351731731	0,175319081047	0,279310729614
2080	0,420024	0,010989	0,647131	1,11722	42,0024	1,0989	0,647131	111,722	0,312443465841	0,175319081047	0,277738626609
2090	0,418803	0,010989	0,644689	1,11477	41,8803	1,0989	0,644689	111,477	0,311535199952	0,175319081047	0,27669055794
2100	0,417582	0,010989	0,642247	1,11233	41,7582	1,0989	0,642247	111,233	0,310626934063	0,175319081047	0,27564248927
2110	0,416361	0,010989	0,639805	1,10989	41,6361	1,0989	0,639805	110,989	0,309718668174	0,175319081047	0,274594420601
2120	0,41514	0,010989	0,637363	1,10745	41,514	1,0989	0,637363	110,745	0,308810402285	0,175319081047	0,273546351931
2130	0,412698	0,010989	0,634921	1,10501	41,2698	1,0989	0,634921	110,501	0,306993870507	0,175319081047	0,272498283262
2140	0,411477	0,010989	0,632479	1,10379	41,1477	1,0989	0,632479	110,379	0,306085604618	0,175319081047	0,271450214592
2150	0,410256	0,010989	0,630037	1,10134	41,0256	1,0989	0,630037	110,134	0,305177338729	0,175319081047	0,270402145923
2160	0,409035	0,010989	0,627595	1,0989	40,9035	1,0989	0,627595	109,89	0,30426907284	0,175319081047	0,269354077253
2170	0,407814	0,010989	0,626374	1,09768	40,7814	1,0989	0,626374	109,768	0,303360806951	0,175319081047	0,268830042918
2180	0,406593	0,010989	0,625153	1,09646	40,6593	1,0989	0,625153	109,646	0,302452541062	0,175319081047	0,268306008584
2190	0,406593	0,010989	0,62149	1,09402	40,6593	1,0989	0,62149	109,402	0,302452541062	0,175319081047	0,266733905579
2200	0,405372	0,010989	0,620269	1,0928	40,5372	1,0989	0,620269	109,28	0,301544275173	0,175319081047	0,266209871245
2210	0,404151	0,010989	0,617827	1,09158	40,4151	1,0989	0,617827	109,158	0,300636009284	0,175319081047	0,265161802575
2220	0,40293	0,010989	0,616606	1,08913	40,293	1,0989	0,616606	108,913	0,299727743394	0,175319081047	0,26463776824
2230	0,401709	0,00976801	0,614164	1,08669	40,1709	0,976801	0,614164	108,669	0,298819477505	0,155839342693	0,263589699571
2240	0,400488	0,010989	0,612943	1,08547	40,0488	1,0989	0,612943	108,547	0,297911211616	0,175319081047	0,263065665236
2250	0,400488	0,00976801	0,611722	1,08303	40,0488	0,976801	0,611722	108,303	0,297911211616	0,155839342693	0,262541630901
2260	0,399267	0,010989	0,60928	1,08181	39,9267	1,0989	0,60928	108,181	0,297002945727	0,175319081047	0,261493562232
2270	0,398046	0,00976801	0,608059	1,08059	39,8046	0,976801	0,608059	108,059	0,296094679838	0,155839342693	0,260969527897
2280	0,396825	0,00976801	0,605617	1,07937	39,6825	0,976801	0,605617	107,937	0,295186413949	0,155839342693	0,259921459227
2290	0,395604	0,00976801	0,604396	1,07692	39,5604	0,976801	0,604396	107,692	0,29427814806	0,155839342693	0,259397424893
2300	0,395604	0,00976801	0,603175	1,07692	39,5604	0,976801	0,603175	107,692	0,29427814806	0,155839342693	0,258873390558
2310	0,394383	0,00976801	0,601954	1,0757	39,4383	0,976801	0,601954	107,57	0,293369882171	0,155839342693	0,258349356223
2320	0,394383	0,010989	0,600733	1,07326	39,4383	1,0989	0,600733	107,326	0,293369882171	0,175319081047	0,257825321888
2330	0,393162	0,00976801	0,598291	1,07326	39,3162	0,976801	0,598291	107,326	0,292461616282	0,155839342693	0,256777253219
2340	0,391941	0,00976801	0,598291	1,07204	39,1941	0,976801	0,598291	107,204	0,291553350393	0,155839342693	0,256777253219
2350	0,391941	0,00976801	0,595849	1,07082	39,1941	0,976801	0,595849	107,082	0,291553350393	0,155839342693	0,255729184549
2360	0,39072	0,00976801	0,595849	1,0696	39,072	0,976801	0,595849	106,96	0,290645084504	0,155839342693	0,255729184549
2370	0,39072	0,00976801	0,593407	1,06838	39,072	0,976801	0,593407	106,838	0,290645084504	0,155839342693	0,25468111588
2380	0,389499	0,00976801	0,592186	1,06716	38,9499	0,976801	0,592186	106,716	0,289736818615	0,155839342693	0,254157081545
2390	0,388278	0,00976801	0,590965	1,06593	38,8278	0,976801	0,590965	106,593	0,288828552726	0,155839342693	0,25363304721
2400	0,388278	0,00976801	0,589744	1,06593	38,8278	0,976801	0,589744	106,593	0,288828552726	0,155839342693	0,253109012876
2410	0,387057	0,00976801	0,588523	1,06471	38,7057	0,976801	0,588523	106,471	0,287920286836	0,155839342693	0,252584978541
2420	0,406593	0,00732601	0,60928	1,06471	40,6593	0,732601	0,60928	106,471	0,302452541062	0,116879546905	0,261493562232
2430	0,465201	0,00488401	0,647131	1,07814	46,5201	0,488401	0,647131	107,814	0,346049303737	0,0779197511168	0,277738626609
2440	0,514042	0,00488401	0,677656	1,0989	51,4042	0,488401	0,677656	109,89	0,382380683171	0,0779197511168	0,290839484979
2450	0,526252	0,00610501	0,688645	1,11844	52,6252	0,610501	0,688645	111,844	0,391463342061	0,0973996490108	0,295555793991
2460	0,520147	0,00854701	0,69475	1,13431	52,0147	0,854701	0,69475	113,431	0,386922012616	0,136359444799	0,298175965665
2470	0,504274	0,00976801	0,698413	1,14164	50,4274	0,976801	0,698413	114,164	0,375114556058	0,155839342693	0,29974806867
2480	0,489621	0,00976801	0,698413	1,1453	48,9621	0,976801	0,698413	114,53	0,364214621519	0,155839342693	0,29974806867
2490	0,479853	0,010989	0,702076	1,14652	47,9853	1,0989	0,702076	114,652	0,356948494406	0,175319081047	0,301320171674
2500	0,472527	0,010989	0,705739	1,14896	47,2527	1,0989	0,705739	114,896	0,351498899072	0,175319081047	0,302892274678
2510	0,468864	0,010989	0,710623	1,15263	46,8864	1,0989	0,710623	115,263	0,348774101404	0,175319081047	0,304988412017
2520	0,468864	0,010989	0,716728	1,15751	46,8864	1,0989	0,716728	115,751	0,348774101404	0,175319081047	0,307608583691
2530	0,471306	0,010989	0,726496	1,16361	47,1306	1,0989	0,726496	116,361	0,350590633183	0,175319081047	0,311800858369
2540	0,474969	0,01221	0,735043	1,1685	47,4969	1,221	0,735043	116,85	0,35331543085	0,194798978941	0,315469098712
2550	0,478632	0,01221	0,746032	1,17827	47,8632	1,221	0,746032	117,827	0,356040228517	0,194798978941	0,320185407725
2560	0,484737	0,01221	0,7558	1,18559	48,4737	1,221	0,7558	118,559	0,360581557962	0,194798978941	0,324377682403
2570	0,490842	0,01221	0,76801	1,19536	49,0842	1,221	0,76801	119,536	0,365122887408	0,194798978941	0,329618025751
2580	0,498168	0,01221	0,778999	1,20513	49,8168	1,221	0,778999	120,513	0,370572482742	0,194798978941	0,334334334764
2590	0,505495	0,013431	0,79243	1,2149	50,5495	1,3431	0,79243	121,49	0,376022821947	0,214278876835	0,340098712446
2600	0,512821	0,01221	0,805861	1,22589	51,2821	1,221	0,805861	122,589	0,381472417282	0,194798978941	0,345863090129
2610	0,521368	0,013431	0,819292	1,23687	52,1368	1,3431	0,819292	123,687	0,387830278505	0,214278876835	0,351627467811
2620	0,529915	0,013431	0,832723	1,24908	52,9915	1,3431	0,832723	124,908	0,394188139729	0,214278876835	0,357391845494
2630	0,538462	0,014652	0,848596	1,26129	53,8462	1,4652	0,848596	126,129	0,400546000952	0,233758774729	0,364204291845
2640	0,547009	0,014652	0,863248	1,2735	54,7009	1,4652	0,863248	127,35	0,406903862176	0,233758774729	0,370492703863
2650	0,557998	0,014652	0,876679	1,28694	55,7998	1,4652	0,876679	128,694	0,415078255177	0,233758774729	0,376257081545
2660	0,566545	0,014652	0,892552	1,30159	56,6545	1,4652	0,892552	130,159	0,421436116401	0,233758774729	0,383069527897
2670	0,577534	0,015873	0,907204	1,31502	57,7534	1,5873	0,907204	131,502	0,429610509403	0,253238672623	0,389357939914
2680	0,587302	0,015873	0,923077	1,32967	58,7302	1,5873	0,923077	132,967	0,436876636515	0,253238672623	0,396170386266
2690	0,598291	0,015873	0,940171	1,34432	59,8291	1,5873	0,940171	134,432	0,445051029517	0,253238672623	0,403506866953
2700	0,60928	0,015873	0,956044	1,3602	60,928	1,5873	0,956044	136,02	0,453225422518	0,253238672623	0,410319313305
2710	0,62149	0,017094	0,971917	1,37607	62,149	1,7094	0,971917	137,607	0,462308081409	0,272718570517	0,417131759657
2720	0,632479	0,017094	0,989011	1,39072	63,2479	1,7094	0,989011	139,072	0,470482474411	0,272718570517	0,424468240343
2730	0,644689	0,017094	1,00488	1,40659	64,4689	1,7094	1,00488	140,659	0,479565133302	0,272718570517	0,431278969957
2740	0,655678	0,018315	1,02442	1,42369	65,5678	1,8315	1,02442	142,369	0,487739526303	0,292198468411	0,439665236052
2750	0,669109	0,018315	1,04029	1,44078	66,9109	1,8315	1,04029	144,078	0,497730451083	0,292198468411	0,44647639485
2760	0,680098	0,018315	1,05739	1,45788	68,0098	1,8315	1,05739	145,788	0,505904844085	0,292198468411	0,453815450644
2770	0,693529	0,019536	1,07448	1,47619	69,3529	1,9536	1,07448	147,619	0,515895768865	0,311678366305	0,461150214592
2780	0,705739	0,019536	1,09158	1,49328	70,5739	1,9536	1,09158	149,328	0,524978427755	0,311678366305	0,468489270386
2790	0,71917	0,020757	1,10989	1,51038	71,917	2,0757	1,10989	151,038	0,534969352535	0,331158264199	0,476347639485
2800	0,732601	0,020757	1,12821	1,52869	73,2601	2,0757	1,12821	152,869	0,544960277315	0,331158264199	0,484210300429
2810	0,746032	0,020757	1,1453	1,54701	74,6032	2,0757	1,1453	154,701	0,554951202095	0,331158264199	0,491545064378
2820	0,759463	0,020757	1,16239	1,56532	75,9463	2,0757	1,16239	156,532	0,564942126875	0,331158264199	0,498879828326
2830	0,772894	0,021978	1,17949	1,58364	77,2894	2,1978	1,17949	158,364	0,574933051654	0,350638162093	0,50621888412
2840	0,786325	0,021978	1,1978	1,60317	78,6325	2,1978	1,1978	160,317	0,584923976434	0,350638162093	0,514077253219
2850	0,800977	0,023199	1,21612	1,61905	80,0977	2,3199	1,21612	161,905	0,595823167103	0,370118059987	0,521939914163
2860	0,815629	0,02442	1,23321	1,63858	81,5629	2,442	1,23321	163,858	0,606722357772	0,389597957881	0,529274678112
2870	0,82906	0,02442	1,25153	1,65812	82,906	2,442	1,25153	165,812	0,616713282552	0,389597957881	0,537137339056
2880	0,843712	0,02442	1,26862	1,67766	84,3712	2,442	1,26862	167,766	0,627612473221	0,389597957881	0,544472103004
2890	0,858364	0,025641	1,28571	1,69475	85,8364	2,5641	1,28571	169,475	0,63851166389	0,409077855775	0,551806866953
2900	0,873016	0,025641	1,30403	1,71551	87,3016	2,5641	1,30403	171,551	0,649410854558	0,409077855775	0,559669527897
2910	0,886447	0,025641	1,32112	1,73382	88,6447	2,5641	1,32112	173,382	0,659401779338	0,409077855775	0,567004291845
2920	0,901099	0,026862	1,33822	1,75458	90,1099	2,6862	1,33822	175,458	0,670300970007	0,428557753669	0,574343347639
2930	0,916972	0,026862	1,35653	1,77167	91,6972	2,6862	1,35653	177,167	0,682108426565	0,428557753669	0,582201716738
2940	0,930403	0,028083	1,37363	1,79121	93,0403	2,8083	1,37363	179,121	0,692099351345	0,448037651563	0,589540772532
2950	0,946276	0,028083	1,3895	1,81074	94,6276	2,8083	1,3895	181,074	0,703906807903	0,448037651563	0,59635193133
2960	0,962149	0,028083	1,41148	1,83028	96,2149	2,8083	1,41148	183,028	0,715714264461	0,448037651563	0,605785407725
2970	0,976801	0,028083	1,42491	1,8486	97,6801	2,8083	1,42491	184,86	0,72661345513	0,448037651563	0,611549356223
2980	0,991453	0,029304	1,44322	1,86935	99,1453	2,9304	1,44322	186,935	0,737512645799	0,467517549458	0,619407725322
2990	1,00733	0,030525	1,46032	1,88767	100,733	3,0525	1,46032	188,767	0,749323077839	0,486997447352	0,626746781116
3000	1,02198	0,030525	1,47741	1,90842	102,198	3,0525	1,47741	190,842	0,760220780766	0,486997447352	0,634081545064
3010	1,03785	0,030525	1,49573	1,92796	103,785	3,0525	1,49573	192,796	0,772026005713	0,486997447352	0,641944206009
3020	1,05372	0,030525	1,51038	1,9475	105,372	3,0525	1,51038	194,75	0,783831230659	0,486997447352	0,648231759657
3030	1,06838	0,031746	1,52869	1,96581	106,838	3,1746	1,52869	196,581	0,794736372292	0,506477345246	0,656090128755
3040	1,08425	0,031746	1,54457	1,98413	108,425	3,1746	1,54457	198,413	0,806541597239	0,506477345246	0,662905579399
3050	1,10012	0,032967	1,56166	2,00488	110,012	3,2967	1,56166	200,488	0,818346822185	0,52595724314	0,670240343348
3060	1,116	0,034188	1,57753	2,02442	111,6	3,4188	1,57753	202,442	0,830159485837	0,545437141034	0,677051502146
3070	1,13065	0,034188	1,59463	2,04274	113,065	3,4188	1,59463	204,274	0,841057188765	0,545437141034	0,68439055794
3080	1,14652	0,034188	1,60928	2,06227	114,652	3,4188	1,60928	206,227	0,852862413711	0,545437141034	0,690678111588
3090	1,16239	0,035409	1,62759	2,08059	116,239	3,5409	1,62759	208,059	0,864667638657	0,564917038928	0,698536480687
3100	1,17827	0,035409	1,64103	2,10134	117,827	3,5409	1,64103	210,134	0,876480302309	0,564917038928	0,70430472103
3110	1,19414	0,03663	1,66056	2,11966	119,414	3,663	1,66056	211,966	0,888285527255	0,584396936822	0,712686695279
3120	1,21001	0,037851	1,67643	2,13797	121,001	3,7851	1,67643	213,797	0,900090752202	0,603876834716	0,719497854077
3130	1,22589	0,037851	1,69231	2,15873	122,589	3,7851	1,69231	215,873	0,911903415853	0,603876834716	0,726313304721
3140	1,24176	0,037851	1,70696	2,17582	124,176	3,7851	1,70696	217,582	0,9237086408	0,603876834716	0,732600858369
3150	1,25641	0,039072	1,72405	2,19536	125,641	3,9072	1,72405	219,536	0,934606343728	0,62335673261	0,739935622318
3160	1,27228	0,039072	1,73871	2,21612	127,228	3,9072	1,73871	221,612	0,946411568674	0,62335673261	0,746227467811
3170	1,28816	0,039072	1,7558	2,23321	128,816	3,9072	1,7558	223,321	0,958224232326	0,62335673261	0,75356223176
3180	1,30403	0,040293	1,77045	2,25153	130,403	4,0293	1,77045	225,153	0,970029457272	0,642836630504	0,759849785408
3190	1,3199	0,040293	1,78877	2,26984	131,99	4,0293	1,78877	226,984	0,981834682219	0,642836630504	0,767712446352
3200	1,33578	0,041514	1,80098	2,2906	133,578	4,1514	1,80098	229,06	0,99364734587	0,662316528398	0,7729527897
3210	1,35165	0,041514	1,81685	2,30891	135,165	4,1514	1,81685	230,891	1,00545257082	0,662316528398	0,779763948498
3220	1,36752	0,042735	1,83272	2,32601	136,752	4,2735	1,83272	232,601	1,01725779576	0,681796426292	0,786575107296
3230	1,38339	0,042735	1,8486	2,34432	138,339	4,2735	1,8486	234,432	1,02906302071	0,681796426292	0,79339055794
3240	1,39805	0,043956	1,86325	2,36386	139,805	4,3956	1,86325	236,386	1,03996816234	0,701276324186	0,799678111588
3250	1,41392	0,043956	1,8779	2,38217	141,392	4,3956	1,8779	238,217	1,05177338729	0,701276324186	0,805965665236
3260	1,42979	0,045177	1,89377	2,40049	142,979	4,5177	1,89377	240,049	1,06357861224	0,72075622208	0,812776824034
3270	1,44444	0,045177	1,90598	2,41758	144,444	4,5177	1,90598	241,758	1,07447631516	0,72075622208	0,818017167382
3280	1,46032	0,045177	1,9243	2,43468	146,032	4,5177	1,9243	243,468	1,08628897881	0,72075622208	0,825879828326
3290	1,47375	0,046398	1,93773	2,45299	147,375	4,6398	1,93773	245,299	1,09627915972	0,740236119974	0,831643776824
3300	1,48962	0,046398	1,94994	2,47009	148,962	4,6398	1,94994	247,009	1,10808438467	0,740236119974	0,836884120172
3310	1,50427	0,046398	1,96581	2,48962	150,427	4,6398	1,96581	248,962	1,1189820876	0,740236119974	0,84369527897
3320	1,51893	0,047619	1,98046	2,50672	151,893	4,7619	1,98046	250,672	1,12988722923	0,759716017869	0,849982832618
3330	1,53236	0,04884	1,99267	2,52259	153,236	4,884	1,99267	252,259	1,13987741014	0,779195915763	0,855223175966
3340	1,54579	0,04884	2,0061	2,54212	154,579	4,884	2,0061	254,212	1,14986759105	0,779195915763	0,860987124464
3350	1,55922	0,04884	2,02076	2,55922	155,922	4,884	2,02076	255,922	1,15985777196	0,779195915763	0,867278969957
3360	1,57265	0,0500611	2,03663	2,57509	157,265	5,00611	2,03663	257,509	1,16984795287	0,798677409062	0,874090128755
3370	1,58486	0,0500611	2,05128	2,59219	158,486	5,00611	2,05128	259,219	1,17893061176	0,798677409062	0,880377682403
3380	1,59707	0,0500611	2,06349	2,6105	159,707	5,00611	2,06349	261,05	1,18801327065	0,798677409062	0,885618025751
3390	1,60806	0,0512821	2,07692	2,62637	160,806	5,12821	2,07692	262,637	1,19618840752	0,818157306956	0,891381974249
3400	1,61783	0,0525031	2,09402	2,64469	161,783	5,25031	2,09402	264,469	1,20345602238	0,83763720485	0,898721030043
3410	1,62759	0,0525031	2,10379	2,66178	162,759	5,25031	2,10379	266,178	1,21071619852	0,83763720485	0,90291416309
3420	1,63492	0,0537241	2,11722	2,67766	163,492	5,37241	2,11722	267,766	1,21616876934	0,857117102744	0,908678111588
3430	1,64225	0,0537241	2,12821	2,69475	164,225	5,37241	2,12821	269,475	1,22162134016	0,857117102744	0,913394849785
3440	1,64713	0,0537241	2,14408	2,71184	164,713	5,37241	2,14408	271,184	1,22525142823	0,857117102744	0,920206008584
3450	1,65079	0,0549451	2,15751	2,7265	165,079	5,49451	2,15751	272,65	1,22797399429	0,876597000638	0,925969957082
3460	1,65324	0,0549451	2,16972	2,74481	165,324	5,49451	2,16972	274,481	1,22979647703	0,876597000638	0,931210300429
3470	1,65324	0,0561661	2,18193	2,75946	165,324	5,61661	2,18193	275,946	1,22979647703	0,896076898532	0,936450643777
3480	1,65079	0,0561661	2,19536	2,77778	165,079	5,61661	2,19536	277,778	1,22797399429	0,896076898532	0,942214592275
3490	1,64469	0,0561661	2,20757	2,79243	164,469	5,61661	2,20757	279,243	1,22343638419	0,896076898532	0,947454935622
3500	1,63736	0,0573871	2,221	2,8083	163,736	5,73871	2,221	280,83	1,21798381338	0,915556796426	0,95321888412
3510	1,62759	0,0573871	2,23199	2,8254	162,759	5,73871	2,23199	282,54	1,21071619852	0,915556796426	0,957935622318
3520	1,61416	0,0573871	2,2442	2,84249	161,416	5,73871	2,2442	284,249	1,20072601761	0,915556796426	0,963175965665
3530	1,59707	0,0586081	2,25763	2,85836	159,707	5,86081	2,25763	285,836	1,18801327065	0,93503669432	0,968939914163
3540	1,57753	0,0586081	2,26984	2,87302	157,753	5,86081	2,26984	287,302	1,17347804094	0,93503669432	0,974180257511
3550	1,55678	0,0598291	2,28205	2,88767	155,678	5,98291	2,28205	288,767	1,15804272792	0,954516592214	0,979420600858
3560	1,53114	0,0598291	2,29426	2,90354	153,114	5,98291	2,29426	290,354	1,13896988812	0,954516592214	0,984660944206
3570	1,50427	0,0610501	2,30403	2,92063	150,427	6,10501	2,30403	292,063	1,1189820876	0,973996490108	0,988854077253
3580	1,47497	0,0610501	2,31624	2,93529	147,497	6,10501	2,31624	293,529	1,09718668174	0,973996490108	0,994094420601
3590	1,44444	0,0622711	2,32845	2,94872	144,444	6,22711	2,32845	294,872	1,07447631516	0,993476388003	0,999334763948
3600	1,41026	0,0622711	2,33944	2,96459	141,026	6,22711	2,33944	296,459	1,04905082123	0,993476388003	1,00405150215
3610	1,37607	0,0622711	2,35165	2,98169	137,607	6,22711	2,35165	298,169	1,0236178886	0,993476388003	1,00929184549
3620	1,33944	0,0634921	2,36142	2,99512	133,944	6,34921	2,36142	299,512	0,996369911926	1,0129562859	1,01348497854
3630	1,29915	0,0634921	2,37485	3,00977	129,915	6,34921	2,37485	300,977	0,966399369198	1,0129562859	1,01924892704
3640	1,25641	0,0634921	2,38584	3,0232	125,641	6,34921	2,38584	302,32	0,934606343728	1,0129562859	1,02396566524
3650	1,2149	0,0647131	2,39805	3,03907	121,49	6,47131	2,39805	303,907	0,903728278981	1,03243618379	1,02920600858
3660	1,17216	0,0647131	2,40904	3,05372	117,216	6,47131	2,40904	305,372	0,871935253511	1,03243618379	1,03392274678
3670	1,13065	0,0647131	2,42002	3,06838	113,065	6,47131	2,42002	306,838	0,841057188765	1,03243618379	1,03863519313
3680	1,09035	0,0647131	2,43101	3,08303	109,035	6,47131	2,43101	308,303	0,811079207332	1,03243618379	1,04335193133
3690	1,04884	0,0659341	2,442	3,09768	104,884	6,59341	2,442	309,768	0,780201142585	1,05191608168	1,04806866953
3700	1,00855	0,0659341	2,45299	3,11111	100,855	6,59341	2,45299	311,111	0,750230599857	1,05191608168	1,05278540773
3710	0,969475	0,0671551	2,46398	3,12454	96,9475	6,71551	2,46398	312,454	0,721163859795	1,07139597958	1,05750214592
3720	0,930403	0,0671551	2,47619	3,13919	93,0403	6,71551	2,47619	313,919	0,692099351345	1,07139597958	1,06274248927
3730	0,893773	0,0683761	2,48718	3,15263	89,3773	6,83761	2,48718	315,263	0,664851374673	1,09087587747	1,06745922747
3740	0,857143	0,0683761	2,49573	3,16728	85,7143	6,83761	2,49573	316,728	0,637603398	1,09087587747	1,07112875536
3750	0,822955	0,0683761	2,50672	3,18071	82,2955	6,83761	2,50672	318,071	0,612171953106	1,09087587747	1,07584549356
3760	0,788767	0,0695971	2,51893	3,19536	78,8767	6,95971	2,51893	319,536	0,586740508212	1,11035577537	1,08108583691
3770	0,758242	0,0695971	2,52503	3,20879	75,8242	6,95971	2,52503	320,879	0,564033860985	1,11035577537	1,08370386266
3780	0,726496	0,0708181	2,53724	3,22222	72,6496	7,08181	2,53724	322,222	0,54041894787	1,12983567326	1,08894420601
3790	0,697192	0,0708181	2,54945	3,23687	69,7192	7,08181	2,54945	323,687	0,518620566532	1,12983567326	1,09418454936
3800	0,667888	0,0708181	2,55922	3,24908	66,7888	7,08181	2,55922	324,908	0,496822185194	1,12983567326	1,0983776824
3810	0,641026	0,0708181	2,56899	3,26252	64,1026	7,08181	2,56899	326,252	0,476840335634	1,12983567326	1,10257081545
3820	0,615385	0,0720391	2,57753	3,27839	61,5385	7,20391	2,57753	327,839	0,457766751964	1,14931557116	1,1062360515
3830	0,590965	0,0720391	2,58852	3,2906	59,0965	7,20391	2,58852	329,06	0,439601434182	1,14931557116	1,1109527897
3840	0,566545	0,0720391	2,59829	3,30403	56,6545	7,20391	2,59829	330,403	0,421436116401	1,14931557116	1,11514592275
3850	0,544567	0,0732601	2,60684	3,31624	54,4567	7,32601	2,60684	331,624	0,405087330398	1,16879546905	1,11881545064
3860	0,522589	0,0732601	2,62271	3,32967	52,2589	7,32601	2,62271	332,967	0,388738544394	1,16879546905	1,12562660944
3870	0,503053	0,0744811	2,62637	3,3431	50,3053	7,44811	2,62637	334,31	0,374206290169	1,18827536694	1,12719742489
3880	0,482295	0,0744811	2,63736	3,35653	48,2295	7,44811	2,63736	335,653	0,358765026184	1,18827536694	1,13191416309
3890	0,46398	0,0757021	2,64835	3,36996	46,398	7,57021	2,64835	336,996	0,345141037848	1,20775526484	1,13663090129
3900	0,445665	0,0757021	2,65812	3,38095	44,5665	7,57021	2,65812	338,095	0,331517049512	1,20775526484	1,14082403433
3910	0,428571	0,0757021	2,66545	3,39438	42,8571	7,57021	2,66545	339,438	0,318801327065	1,20775526484	1,14396995708
3920	0,412698	0,0769231	2,67521	3,40781	41,2698	7,69231	2,67521	340,781	0,306993870507	1,22723516273	1,14815879828
3930	0,396825	0,0769231	2,68376	3,42002	39,6825	7,69231	2,68376	342,002	0,295186413949	1,22723516273	1,15182832618
3940	0,382173	0,0781441	2,69597	3,43346	38,2173	7,81441	2,69597	343,346	0,28428722328	1,24671506063	1,15706866953
3950	0,367521	0,0781441	2,7033	3,44444	36,7521	7,81441	2,7033	344,444	0,273388032611	1,24671506063	1,16021459227
3960	0,35409	0,0781441	2,71306	3,45788	35,409	7,81441	2,71306	345,788	0,263397107831	1,24671506063	1,16440343348
3970	0,34188	0,0781441	2,72161	3,47009	34,188	7,81441	2,72161	347,009	0,254314448941	1,24671506063	1,16807296137
3980	0,32967	0,0793651	2,7326	3,48107	32,967	7,93651	2,7326	348,107	0,24523179005	1,26619495852	1,17278969957
3990	0,31746	0,0793651	2,74115	3,49328	31,746	7,93651	2,74115	349,328	0,236149131159	1,26619495852	1,17645922747
4000	0,306471	0,0793651	2,74847	3,50672	30,6471	7,93651	2,74847	350,672	0,227974738158	1,26619495852	1,17960085837
4010	0,295482	0,0793651	2,75824	3,51893	29,5482	7,93651	2,75824	351,893	0,219800345156	1,26619495852	1,18379399142
4020	0,285714	0,0805861	2,76679	3,52991	28,5714	8,05861	2,76679	352,991	0,212534218043	1,28567485641	1,18746351931
4030	0,275946	0,0818071	2,77534	3,54212	27,5946	8,18071	2,77534	354,212	0,205268090931	1,30515475431	1,19113304721
4040	0,266178	0,0805861	2,78388	3,55311	26,6178	8,05861	2,78388	355,311	0,198001963818	1,28567485641	1,19479828326
4050	0,25641	0,0818071	2,79365	3,56532	25,641	8,18071	2,79365	356,532	0,190735836706	1,30515475431	1,19899141631
4060	0,247863	0,0830281	2,8022	3,57631	24,7863	8,30281	2,8022	357,631	0,184377975482	1,3246346522	1,20266094421
4070	0,239316	0,0830281	2,81075	3,58852	23,9316	8,30281	2,81075	358,852	0,178020114259	1,3246346522	1,2063304721
4080	0,23199	0,0830281	2,81929	3,60073	23,199	8,30281	2,81929	360,073	0,172570518924	1,3246346522	1,20999570815
4090	0,224664	0,0830281	2,8254	3,61172	22,4664	8,30281	2,8254	361,172	0,16712092359	1,3246346522	1,21261802575
4100	0,217338	0,0842491	2,83639	3,62393	21,7338	8,42491	2,83639	362,393	0,161671328255	1,3441145501	1,21733476395
4110	0,211233	0,0842491	2,84249	3,63492	21,1233	8,42491	2,84249	363,492	0,15712999881	1,3441145501	1,2199527897
4120	0,203907	0,0842491	2,85348	3,64713	20,3907	8,42491	2,85348	364,713	0,151680403475	1,3441145501	1,2246695279
4130	0,197802	0,0842491	2,85959	3,6569	19,7802	8,42491	2,85959	365,69	0,14713907403	1,3441145501	1,22729184549
4140	0,191697	0,0854701	2,86813	3,66911	19,1697	8,54701	2,86813	366,911	0,142597744585	1,36359444799	1,23095708155
4150	0,185592	0,0854701	2,87668	3,6801	18,5592	8,54701	2,87668	368,01	0,138056415139	1,36359444799	1,23462660944
4160	0,179487	0,0866911	2,88645	3,69109	17,9487	8,66911	2,88645	369,109	0,133515085694	1,38307434588	1,23881974249
4170	0,174603	0,0866911	2,89133	3,70208	17,4603	8,66911	2,89133	370,208	0,129882022138	1,38307434588	1,24091416309
4180	0,169719	0,0879121	2,90354	3,71306	16,9719	8,79121	2,90354	371,306	0,126248958581	1,40255424378	1,24615450644
4190	0,164835	0,0866911	2,91209	3,72405	16,4835	8,66911	2,91209	372,405	0,122615895025	1,38307434588	1,24982403433
4200	0,159951	0,0879121	2,91941	3,73382	15,9951	8,79121	2,91941	373,382	0,118982831469	1,40255424378	1,25296566524
4210	0,155067	0,0879121	2,9243	3,74481	15,5067	8,79121	2,9243	374,481	0,115349767912	1,40255424378	1,25506437768
4220	0,151404	0,0879121	2,93285	3,75458	15,1404	8,79121	2,93285	375,458	0,112624970245	1,40255424378	1,25873390558
4230	0,14652	0,0891331	2,94139	3,76557	14,652	8,91331	2,94139	376,557	0,108991906689	1,42203414167	1,26239914163
4240	0,141636	0,0891331	2,94872	3,77778	14,1636	8,91331	2,94872	377,778	0,105358843133	1,42203414167	1,26554506438
4250	0,139194	0,0903541	2,95727	3,78632	13,9194	9,03541	2,95727	378,632	0,103542311354	1,44151403957	1,26921459227
4260	0,13431	0,0891331	2,96337	3,79731	13,431	8,91331	2,96337	379,731	0,0999092477981	1,42203414167	1,27183261803
4270	0,130647	0,0903541	2,9707	3,80708	13,0647	9,03541	2,9707	380,708	0,0971844501309	1,44151403957	1,27497854077
4280	0,128205	0,0915751	2,97924	3,81807	12,8205	9,15751	2,97924	381,807	0,0953679183528	1,46099393746	1,27864377682
4290	0,124542	0,0915751	2,98779	3,82906	12,4542	9,15751	2,98779	382,906	0,0926431206856	1,46099393746	1,28231330472
4300	0,120879	0,0915751	2,99756	3,83883	12,0879	9,15751	2,99756	383,883	0,0899183230183	1,46099393746	1,28650643777
4310	0,118437	0,0915751	3,00122	3,8486	11,8437	9,15751	3,00122	384,86	0,0881017912402	1,46099393746	1,28807725322
4320	0,114774	0,0927961	3,00855	3,85836	11,4774	9,27961	3,00855	385,836	0,085376993573	1,48047383535	1,29122317597
4330	0,112332	0,0927961	3,01465	3,87057	11,2332	9,27961	3,01465	387,057	0,0835604617948	1,48047383535	1,29384120172
4340	0,10989	0,0927961	3,0232	3,88034	10,989	9,27961	3,0232	388,034	0,0817439300167	1,48047383535	1,29751072961
4350	0,107448	0,0940171	3,03175	3,88889	10,7448	9,40171	3,03175	388,889	0,0799273982385	1,49995373325	1,30118025751
4360	0,103785	0,0940171	3,03663	3,89988	10,3785	9,40171	3,03663	389,988	0,0772026005713	1,49995373325	1,30327467811
4370	0,101343	0,0940171	3,04274	3,91087	10,1343	9,40171	3,04274	391,087	0,0753860687931	1,49995373325	1,30589699571
4380	0,0989011	0,0940171	3,05128	3,92063	9,89011	9,40171	3,05128	392,063	0,073569611402	1,49995373325	1,30956223176
4390	0,0976801	0,0940171	3,05739	3,92918	9,76801	9,40171	3,05739	392,918	0,072661345513	1,49995373325	1,31218454936
4400	0,0952381	0,0952381	3,06593	3,93895	9,52381	9,52381	3,06593	393,895	0,0708448137348	1,51943363114	1,31584978541
4410	0,0927961	0,0952381	3,07082	3,94994	9,27961	9,52381	3,07082	394,994	0,0690282819567	1,51943363114	1,31794849785
4420	0,0903541	0,0952381	3,0757	3,95971	9,03541	9,52381	3,0757	395,971	0,0672117501785	1,51943363114	1,32004291845
4430	0,0879121	0,0964591	3,08547	3,96825	8,79121	9,64591	3,08547	396,825	0,0653952184004	1,53891352904	1,3242360515
4440	0,0866911	0,0964591	3,09158	3,97924	8,66911	9,64591	3,09158	397,924	0,0644869525113	1,53891352904	1,3268583691
4450	0,0842491	0,0964591	3,0989	3,98901	8,42491	9,64591	3,0989	398,901	0,0626704207332	1,53891352904	1,33
4460	0,0830281	0,0964591	3,10501	3,99878	8,30281	9,64591	3,10501	399,878	0,0617621548441	1,53891352904	1,3326223176
4470	0,0805861	0,0976801	3,11111	4,00733	8,05861	9,76801	3,11111	400,733	0,0599456230659	1,55839342693	1,33524034335
4480	0,0793651	0,0976801	3,12088	4,01709	7,93651	9,76801	3,12088	401,709	0,0590373571769	1,55839342693	1,33943347639
4490	0,0781441	0,0976801	3,12332	4,02686	7,81441	9,76801	3,12332	402,686	0,0581290912878	1,55839342693	1,3404806867
4500	0,0757021	0,0989011	3,13065	4,03663	7,57021	9,89011	3,13065	403,663	0,0563125595096	1,57787332482	1,34362660944
4510	0,0744811	0,0989011	3,13797	4,04518	7,44811	9,89011	3,13797	404,518	0,0554042936206	1,57787332482	1,34676824034
4520	0,0732601	0,0989011	3,14408	4,05494	7,32601	9,89011	3,14408	405,494	0,0544960277315	1,57787332482	1,34939055794
4530	0,0708181	0,0989011	3,15018	4,06471	7,08181	9,89011	3,15018	406,471	0,0526794959533	1,57787332482	1,35200858369
4540	0,0695971	0,0989011	3,15751	4,07204	6,95971	9,89011	3,15751	407,204	0,0517712300643	1,57787332482	1,35515450644
4550	0,0683761	0,100122	3,16361	4,08059	6,83761	10,0122	3,16361	408,059	0,0508629641752	1,59735162731	1,35777253219
4560	0,0671551	0,100122	3,17094	4,09035	6,71551	10,0122	3,17094	409,035	0,0499546982861	1,59735162731	1,36091845494
4570	0,0659341	0,100122	3,17705	4,0989	6,59341	10,0122	3,17705	409,89	0,049046432397	1,59735162731	1,36354077253
4580	0,0647131	0,100122	3,18193	4,10745	6,47131	10,0122	3,18193	410,745	0,048138166508	1,59735162731	1,36563519313
4590	0,0634921	0,101343	3,18926	4,116	6,34921	10,1343	3,18926	411,6	0,0472299006189	1,61683152521	1,36878111588
4600	0,0622711	0,101343	3,19536	4,12454	6,22711	10,1343	3,19536	412,454	0,0463216347298	1,61683152521	1,37139914163
4610	0,0610501	0,101343	3,20024	4,13431	6,10501	10,1343	3,20024	413,431	0,0454133688408	1,61683152521	1,37349356223
4620	0,0598291	0,102564	3,20513	4,14408	5,98291	10,2564	3,20513	414,408	0,0445051029517	1,6363114231	1,37559227468
4630	0,0586081	0,102564	3,2149	4,1514	5,86081	10,2564	3,2149	415,14	0,0435968370626	1,6363114231	1,37978540773
4640	0,0573871	0,102564	3,21734	4,15873	5,73871	10,2564	3,21734	415,873	0,0426885711735	1,6363114231	1,38083261803
4650	0,0561661	0,102564	3,22466	4,16728	5,61661	10,2564	3,22466	416,728	0,0417803052845	1,6363114231	1,38397424893
4660	0,0561661	0,102564	3,23077	4,17705	5,61661	10,2564	3,23077	417,705	0,0417803052845	1,6363114231	1,38659656652
4670	0,0549451	0,103785	3,2381	4,18559	5,49451	10,3785	3,2381	418,559	0,0408720393954	1,655791321	1,38974248927
4680	0,0537241	0,103785	3,24298	4,19292	5,37241	10,3785	3,24298	419,292	0,0399637735063	1,655791321	1,39183690987
4690	0,0525031	0,105006	3,25031	4,20147	5,25031	10,5006	3,25031	420,147	0,0390555076172	1,67527121889	1,39498283262
4700	0,0512821	0,103785	3,25519	4,20879	5,12821	10,3785	3,25519	420,879	0,0381472417282	1,655791321	1,39707725322
4710	0,0512821	0,105006	3,26129	4,21612	5,12821	10,5006	3,26129	421,612	0,0381472417282	1,67527121889	1,39969527897
4720	0,0500611	0,105006	3,2674	4,22589	5,00611	10,5006	3,2674	422,589	0,0372389758391	1,67527121889	1,40231759657
4730	0,04884	0,105006	3,27106	4,23321	4,884	10,5006	3,27106	423,321	0,036330635563	1,67527121889	1,40388841202
4740	0,04884	0,106227	3,27473	4,24176	4,884	10,6227	3,27473	424,176	0,036330635563	1,69475111678	1,40546351931
4750	0,047619	0,106227	3,28205	4,25031	4,7619	10,6227	3,28205	425,031	0,0354223696739	1,69475111678	1,40860515021
4760	0,046398	0,106227	3,28694	4,25763	4,6398	10,6227	3,28694	425,763	0,0345141037848	1,69475111678	1,41070386266
4770	0,046398	0,106227	3,29182	4,26374	4,6398	10,6227	3,29182	426,374	0,0345141037848	1,69475111678	1,41279828326
4780	0,045177	0,107448	3,29792	4,27228	4,5177	10,7448	3,29792	427,228	0,0336058378957	1,71423101468	1,41541630901
4790	0,045177	0,106227	3,30403	4,28083	4,5177	10,6227	3,30403	428,083	0,0336058378957	1,69475111678	1,41803862661
4800	0,043956	0,107448	3,30891	4,28694	4,3956	10,7448	3,30891	428,694	0,0326975720067	1,71423101468	1,42013304721
4810	0,042735	0,107448	3,31258	4,29548	4,2735	10,7448	3,31258	429,548	0,0317893061176	1,71423101468	1,42170815451
4820	0,042735	0,107448	3,3199	4,30281	4,2735	10,7448	3,3199	430,281	0,0317893061176	1,71423101468	1,42484978541
4830	0,041514	0,108669	3,32479	4,31013	4,1514	10,8669	3,32479	431,013	0,0308810402285	1,73371091257	1,42694849785
4840	0,041514	0,108669	3,33089	4,31746	4,1514	10,8669	3,33089	431,746	0,0308810402285	1,73371091257	1,42956652361
4850	0,040293	0,108669	3,337	4,32357	4,0293	10,8669	3,337	432,357	0,0299727743394	1,73371091257	1,4321888412
4860	0,040293	0,108669	3,34188	4,33333	4,0293	10,8669	3,34188	433,333	0,0299727743394	1,73371091257	1,4342832618
4870	0,039072	0,108669	3,34676	4,34066	3,9072	10,8669	3,34676	434,066	0,0290645084504	1,73371091257	1,4363776824
4880	0,039072	0,10989	3,35165	4,34676	3,9072	10,989	3,35165	434,676	0,0290645084504	1,75319081047	1,43847639485
4890	0,039072	0,10989	3,35775	4,35409	3,9072	10,989	3,35775	435,409	0,0290645084504	1,75319081047	1,4410944206
4900	0,037851	0,10989	3,36386	4,36264	3,7851	10,989	3,36386	436,264	0,0281562425613	1,75319081047	1,4437167382
4910	0,03663	0,10989	3,3663	4,36874	3,663	10,989	3,3663	436,874	0,0272479766722	1,75319081047	1,4447639485
4920	0,03663	0,111111	3,37241	4,37607	3,663	11,1111	3,37241	437,607	0,0272479766722	1,77267070836	1,44738626609
4930	0,03663	0,111111	3,37607	4,38217	3,663	11,1111	3,37607	438,217	0,0272479766722	1,77267070836	1,44895708155
4940	0,035409	0,111111	3,38462	4,3895	3,5409	11,1111	3,38462	438,95	0,0263397107831	1,77267070836	1,45262660944
4950	0,035409	0,111111	3,38828	4,39683	3,5409	11,1111	3,38828	439,683	0,0263397107831	1,77267070836	1,45419742489
4960	0,034188	0,111111	3,39316	4,40293	3,4188	11,1111	3,39316	440,293	0,0254314448941	1,77267070836	1,45629184549
4970	0,034188	0,112332	3,40049	4,41026	3,4188	11,2332	3,40049	441,026	0,0254314448941	1,79215060625	1,45943776824
4980	0,034188	0,112332	3,40293	4,4188	3,4188	11,2332	3,40293	441,88	0,0254314448941	1,79215060625	1,46048497854
4990	0,032967	0,112332	3,41026	4,42369	3,2967	11,2332	3,41026	442,369	0,024523179005	1,79215060625	1,46363090129
5000	0,032967	0,112332	3,41148	4,43101	3,2967	11,2332	3,41148	443,101	0,024523179005	1,79215060625	1,46415450644
5010	0,031746	0,113553	3,41758	4,43712	3,1746	11,3553	3,41758	443,712	0,0236149131159	1,81163050415	1,46677253219
5020	0,031746	0,113553	3,42125	4,44444	3,1746	11,3553	3,42125	444,444	0,0236149131159	1,81163050415	1,46834763948
5030	0,031746	0,113553	3,42735	4,45055	3,1746	11,3553	3,42735	445,055	0,0236149131159	1,81163050415	1,47096566524
5040	0,031746	0,113553	3,43223	4,45788	3,1746	11,3553	3,43223	445,788	0,0236149131159	1,81163050415	1,47306008584
5050	0,030525	0,113553	3,4359	4,4652	3,0525	11,3553	3,4359	446,52	0,0227066472269	1,81163050415	1,47463519313
5060	0,030525	0,113553	3,44322	4,47131	3,0525	11,3553	3,44322	447,131	0,0227066472269	1,81163050415	1,47777682403
5070	0,030525	0,114774	3,44811	4,47741	3,0525	11,4774	3,44811	447,741	0,0227066472269	1,83111040204	1,47987553648
5080	0,029304	0,114774	3,45177	4,48352	2,9304	11,4774	3,45177	448,352	0,0217983813378	1,83111040204	1,48144635193
5090	0,029304	0,114774	3,45665	4,49084	2,9304	11,4774	3,45665	449,084	0,0217983813378	1,83111040204	1,48354077253
5100	0,029304	0,114774	3,46032	4,49817	2,9304	11,4774	3,46032	449,817	0,0217983813378	1,83111040204	1,48511587983
5110	0,028083	0,115995	3,46764	4,50305	2,8083	11,5995	3,46764	450,305	0,0208901154487	1,85059029994	1,48825751073
5120	0,028083	0,115995	3,46886	4,50916	2,8083	11,5995	3,46886	450,916	0,0208901154487	1,85059029994	1,48878111588
Vernier Format 2
Lab_RT.cmbl 17/11/2023 16:42:19 ,
Run 1
Time	Potential 1	Potential 2	Potential 3	Potential 4	R1	R2	R3	Temp	R1/R10	R2/R20	R3/R30
t	Pot 1	Pot 2	Pot 3	Pot 4	CC	CC	CC	CC	CC	CC	CC
s	V	V	V	V	Ω	Ω	Ω	K			

0	1,34065934066	0,0634920634921	2,33089133089	2,98412698413	134,065934066	6,34920634921	2,33089133089	298,412698413	0,99727694348	1,01295570345	1,00038254545
0,1	1,34065934066	0,0634920634921	2,32967032967	2,98534798535	134,065934066	6,34920634921	2,32967032967	298,534798535	0,99727694348	1,01295570345	0,999858510588
0,2	1,34188034188	0,0634920634921	2,33089133089	2,98534798535	134,188034188	6,34920634921	2,33089133089	298,534798535	0,998185210278	1,01295570345	1,00038254545
0,3	1,34188034188	0,0634920634921	2,33089133089	2,98412698413	134,188034188	6,34920634921	2,33089133089	298,412698413	0,998185210278	1,01295570345	1,00038254545
0,4	1,34065934066	0,0634920634921	2,32967032967	2,98534798535	134,065934066	6,34920634921	2,32967032967	298,534798535	0,99727694348	1,01295570345	0,999858510588
0,5	1,34188034188	0,0634920634921	2,33089133089	2,98412698413	134,188034188	6,34920634921	2,33089133089	298,412698413	0,998185210278	1,01295570345	1,00038254545
0,6	1,34065934066	0,0634920634921	2,33089133089	2,98412698413	134,065934066	6,34920634921	2,33089133089	298,412698413	0,99727694348	1,01295570345	1,00038254545
0,7	1,34065934066	0,0634920634921	2,32967032967	2,98534798535	134,065934066	6,34920634921	2,32967032967	298,534798535	0,99727694348	1,01295570345	0,999858510588
0,8	1,34188034188	0,0647130647131	2,33089133089	2,98290598291	134,188034188	6,47130647131	2,33089133089	298,290598291	0,998185210278	1,03243562082	1,00038254545
0,9	1,34065934066	0,0634920634921	2,33089133089	2,98534798535	134,065934066	6,34920634921	2,33089133089	298,534798535	0,99727694348	1,01295570345	1,00038254545
1	1,34065934066	0,0634920634921	2,33089133089	2,98412698413	134,065934066	6,34920634921	2,33089133089	298,412698413	0,99727694348	1,01295570345	1,00038254545
1,1	1,34188034188	0,0634920634921	2,33089133089	2,98412698413	134,188034188	6,34920634921	2,33089133089	298,412698413	0,998185210278	1,01295570345	1,00038254545
1,2	1,34188034188	0,0634920634921	2,33089133089	2,98534798535	134,188034188	6,34920634921	2,33089133089	298,534798535	0,998185210278	1,01295570345	1,00038254545
1,3	1,34065934066	0,0634920634921	2,33089133089	2,98290598291	134,065934066	6,34920634921	2,33089133089	298,290598291	0,99727694348	1,01295570345	1,00038254545
1,4	1,34188034188	0,0634920634921	2,32967032967	2,98412698413	134,188034188	6,34920634921	2,32967032967	298,412698413	0,998185210278	1,01295570345	0,999858510588
1,5	1,34065934066	0,0634920634921	2,33089133089	2,98534798535	134,065934066	6,34920634921	2,33089133089	298,534798535	0,99727694348	1,01295570345	1,00038254545
1,6	1,34065934066	0,0634920634921	2,33089133089	2,98412698413	134,065934066	6,34920634921	2,33089133089	298,412698413	0,99727694348	1,01295570345	1,00038254545
1,7	1,34188034188	0,0634920634921	2,33089133089	2,98534798535	134,188034188	6,34920634921	2,33089133089	298,534798535	0,998185210278	1,01295570345	1,00038254545
1,8	1,34188034188	0,0634920634921	2,33089133089	2,98412698413	134,188034188	6,34920634921	2,33089133089	298,412698413	0,998185210278	1,01295570345	1,00038254545
1,9	1,34065934066	0,0634920634921	2,33089133089	2,98534798535	134,065934066	6,34920634921	2,33089133089	298,534798535	0,99727694348	1,01295570345	1,00038254545
2	1,34188034188	0,0634920634921	2,33089133089	2,98534798535	134,188034188	6,34920634921	2,33089133089	298,534798535	0,998185210278	1,01295570345	1,00038254545
2,1	1,34065934066	0,0634920634921	2,33089133089	2,98290598291	134,065934066	6,34920634921	2,33089133089	298,290598291	0,99727694348	1,01295570345	1,00038254545
2,2	1,34065934066	0,0634920634921	2,33089133089	2,98534798535	134,065934066	6,34920634921	2,33089133089	298,534798535	0,99727694348	1,01295570345	1,00038254545
2,3	1,34065934066	0,0634920634921	2,33089133089	2,98412698413	134,065934066	6,34920634921	2,33089133089	298,412698413	0,99727694348	1,01295570345	1,00038254545
2,4	1,34065934066	0,0634920634921	2,33089133089	2,98534798535	134,065934066	6,34920634921	2,33089133089	298,534798535	0,99727694348	1,01295570345	1,00038254545
2,5	1,34065934066	0,0634920634921	2,32967032967	2,98412698413	134,065934066	6,34920634921	2,32967032967	298,412698413	0,99727694348	1,01295570345	0,999858510588
2,6	1,34188034188	0,0634920634921	2,33089133089	2,98290598291	134,188034188	6,34920634921	2,33089133089	298,290598291	0,998185210278	1,01295570345	1,00038254545
2,7	1,34065934066	0,0634920634921	2,33089133089	2,98534798535	134,065934066	6,34920634921	2,33089133089	298,534798535	0,99727694348	1,01295570345	1,00038254545
2,8	1,34065934066	0,0634920634921	2,32967032967	2,98412698413	134,065934066	6,34920634921	2,32967032967	298,412698413	0,99727694348	1,01295570345	0,999858510588
2,9	1,34065934066	0,0634920634921	2,33089133089	2,98412698413	134,065934066	6,34920634921	2,33089133089	298,412698413	0,99727694348	1,01295570345	1,00038254545
3	1,34065934066	0,0634920634921	2,33089133089	2,98534798535	134,065934066	6,34920634921	2,33089133089	298,534798535	0,99727694348	1,01295570345	1,00038254545
3,1	1,34065934066	0,0634920634921	2,33089133089	2,98412698413	134,065934066	6,34920634921	2,33089133089	298,412698413	0,99727694348	1,01295570345	1,00038254545
3,2	1,34065934066	0,0622710622711	2,33089133089	2,98412698413	134,065934066	6,22710622711	2,33089133089	298,412698413	0,99727694348	0,993475786073	1,00038254545
3,3	1,34188034188	0,0634920634921	2,33089133089	2,98412698413	134,188034188	6,34920634921	2,33089133089	298,412698413	0,998185210278	1,01295570345	1,00038254545
3,4	1,34065934066	0,0634920634921	2,33089133089	2,98412698413	134,065934066	6,34920634921	2,33089133089	298,412698413	0,99727694348	1,01295570345	1,00038254545
3,5	1,34065934066	0,0634920634921	2,33089133089	2,98412698413	134,065934066	6,34920634921	2,33089133089	298,412698413	0,99727694348	1,01295570345	1,00038254545
3,6	1,34188034188	0,0634920634921	2,32967032967	2,98534798535	134,188034188	6,34920634921	2,32967032967	298,534798535	0,998185210278	1,01295570345	0,999858510588
3,7	1,34065934066	0,0622710622711	2,32967032967	2,98412698413	134,065934066	6,22710622711	2,32967032967	298,412698413	0,99727694348	0,993475786073	0,999858510588
3,8	1,34065934066	0,0634920634921	2,33089133089	2,98534798535	134,065934066	6,34920634921	2,33089133089	298,534798535	0,99727694348	1,01295570345	1,00038254545
